
BO_ratio_matrix = 
[[99.56417195]
 [99.53422904]
 [99.14190253]
 [98.94691999]
 [98.94691999]
 [98.94691999]]
RS_ratio_matrix = 
[[99.6059547 ]
 [99.59473821]
 [99.57053624]
 [99.45293434]
 [98.94715625]
 [98.94715625]]
Mean Accumulated PREC(%) 1 times; BBF=[ 15.  30.  50. 100. 150. 200.]
BO_vec=array([99.56417195, 99.53422904, 99.14190253, 98.94691999, 98.94691999,
       98.94691999])
RS_vec=array([99.6059547 , 99.59473821, 99.57053624, 99.45293434, 98.94715625,
       98.94715625])
Median Accumulated PREC(%) 1 times; BBF=[ 15.  30.  50. 100. 150. 200.]
BO_vec=array([99.56417195, 99.53422904, 99.14190253, 98.94691999, 98.94691999,
       98.94691999])
RS_vec=array([99.6059547 , 99.59473821, 99.57053624, 99.45293434, 98.94715625,
       98.94715625])
Min Accumulated PREC(%) 1 times; BBF=[ 15.  30.  50. 100. 150. 200.]
BO_vec=array([99.56417195, 99.53422904, 99.14190253, 98.94691999, 98.94691999,
       98.94691999])
RS_vec=array([99.6059547 , 99.59473821, 99.57053624, 99.45293434, 98.94715625,
       98.94715625])
Max Accumulated PREC(%) 1 times; BBF=[ 15.  30.  50. 100. 150. 200.]
BO_vec=array([99.56417195, 99.53422904, 99.14190253, 98.94691999, 98.94691999,
       98.94691999])
RS_vec=array([99.6059547 , 99.59473821, 99.57053624, 99.45293434, 98.94715625,
       98.94715625])