
BO_ratio_matrix = 
[[98.93485136 98.97607731 98.97692871 99.17443032 99.0165125  98.85686276
  99.2148569  99.04518023 99.11345813 98.98910666]
 [98.79622876 98.97607731 98.97692871 99.17443032 99.0165125  98.85686276
  99.03477719 98.75918658 99.11345813 98.72685579]
 [98.75918658 98.85493928 98.97692871 98.96030674 99.0165125  98.85686276
  99.03477719 98.75918658 99.0755978  98.56511241]
 [98.58596349 98.56511241 98.42687211 98.96030674 98.84439616 98.2647102
  98.88231642 98.75918658 98.89897116 98.56511241]
 [98.58596349 98.4394268  98.01537949 98.27994955 98.84439616 98.2647102
  98.88231642 98.75918658 98.51514661 98.48803662]
 [98.42255693 98.4394268  98.01537949 98.27994955 98.84439616 98.2647102
  98.88231642 98.75918658 98.51514661 98.48803662]]
RS_ratio_matrix = 
[[99.3152191  98.76444583 99.13384252 99.45919027 99.08244081 98.55776485
  99.12299755 98.84526536 99.23591429 99.41816468]
 [99.26798882 98.76444583 99.0374867  99.00745369 99.08244081 98.2051992
  98.69154676 98.64876544 98.92202543 99.41816468]
 [98.266188   98.76444583 99.0374867  98.86531776 99.08244081 98.2051992
  98.69154676 98.64876544 98.46776196 99.0755978 ]
 [98.266188   98.76444583 98.51514661 98.86531776 98.57860062 98.2051992
  98.69154676 98.24860162 98.46776196 98.86531776]
 [98.266188   98.76444583 98.51514661 98.86531776 98.57860062 98.2051992
  98.69154676 98.24860162 98.46776196 97.75606088]
 [98.266188   98.76444583 97.68601309 98.266188   98.53183723 98.2051992
  98.48555571 98.24860162 98.46776196 97.75606088]]
Mean Accumulated PREC(%) 10 times; BBF=[ 15.  30.  50. 100. 150. 200.]
BO_vec=array([99.02982649, 98.9431318 , 98.88594105, 98.67529477, 98.50745119,
       98.49111053])
RS_vec=array([99.09352453, 98.90455173, 98.71047502, 98.54681261, 98.43588692,
       98.26778515])
Median Accumulated PREC(%) 10 times; BBF=[ 15.  30.  50. 100. 150. 200.]
BO_vec=array([99.00280958, 98.97650301, 98.90858475, 98.67257503, 98.50159161,
       98.46373171])
RS_vec=array([99.12842003, 98.96473956, 98.72799629, 98.54687361, 98.49145429,
       98.266188  ])
Min Accumulated PREC(%) 10 times; BBF=[ 15.  30.  50. 100. 150. 200.]
BO_vec=array([98.85686276, 98.72685579, 98.56511241, 98.2647102 , 98.01537949,
       98.01537949])
RS_vec=array([98.55776485, 98.2051992 , 98.2051992 , 98.2051992 , 97.75606088,
       97.68601309])
Max Accumulated PREC(%) 10 times; BBF=[ 15.  30.  50. 100. 150. 200.]
BO_vec=array([99.2148569 , 99.17443032, 99.0755978 , 98.96030674, 98.88231642,
       98.88231642])
RS_vec=array([99.45919027, 99.41816468, 99.08244081, 98.86531776, 98.86531776,
       98.76444583])