
 input
[[23, 41], [33, 41], [24, 18], [12, 3], [11, 23], [32, 23], [15, 40], [13, 31], [14, 46], [5, 42], [16, 48], [23, 11], [23, 47], [14, 44], [14, 48], [21, 21], [37, 1], [37, 12], [17, 30], [19, 17]]
 output
 [96.26898246 96.80016972 96.28975326 96.84052305 96.3253051  96.37967545
 95.78351104 96.24345679 95.67555095 96.4172026  97.00828584 97.05743564
 96.34165937 95.88601399 95.20812248 96.52052757 96.68756036 96.18006699
 96.17234399 96.63404357]
最小値:95.20812248010971
入力値:[14, 48]
経過時間:112.40360021591187sec
num_evaluation of BBF = 20.0