
BO_ratio_matrix = 
[[89.48556394 89.48556394 89.48556394 89.48556394 89.48556394 89.48556394
  89.48556394 89.48556394 89.48556394 89.48556394]
 [89.48556394 89.48556394 89.48556394 89.48556394 89.48556394 89.48556394
  89.48556394 89.48556394 89.48556394 89.48556394]
 [89.48556394 89.48556394 89.48556394 89.48556394 89.48556394 89.48556394
  89.48556394 89.48556394 89.48556394 89.48556394]
 [89.48556394 89.48556394 89.48556394 89.48556394 89.48556394 89.48556394
  89.48556394 89.48556394 89.48556394 89.48556394]
 [89.48556394 89.48556394 89.48556394 89.48556394 89.48556394 89.48556394
  89.48556394 89.48556394 89.48556394 89.48556394]
 [89.48556394 89.48556394 89.48556394 89.48556394 89.48556394 89.48556394
  89.48556394 89.48556394 89.48556394 89.48556394]]
RS_ratio_matrix = 
[[89.48556394 89.48556394 89.48556394 89.48556394 89.48556394 89.48556394
  89.48556394 89.48556394 89.48556394 89.48556394]
 [89.48556394 89.48556394 89.48556394 89.48556394 89.48556394 89.48556394
  89.48556394 89.48556394 89.48556394 89.48556394]
 [89.48556394 89.48556394 89.48556394 89.48556394 89.48556394 89.48556394
  89.48556394 89.48556394 89.48556394 89.48556394]
 [89.48556394 89.48556394 89.48556394 89.48556394 89.48556394 89.48556394
  89.48556394 89.48556394 89.48556394 89.48556394]
 [89.48556394 89.48556394 89.48556394 89.48556394 89.48556394 89.48556394
  89.48556394 89.48556394 89.48556394 89.48556394]
 [89.48556394 89.48556394 89.48556394 89.48556394 89.48556394 89.48556394
  89.48556394 89.48556394 89.48556394 89.48556394]]
Mean Accumulated PREC(%) 10 times; BBF=[ 15.  30.  50. 100. 150. 200.]
BO_vec=array([89.48556394, 89.48556394, 89.48556394, 89.48556394, 89.48556394,
       89.48556394])
RS_vec=array([89.48556394, 89.48556394, 89.48556394, 89.48556394, 89.48556394,
       89.48556394])
Median Accumulated PREC(%) 10 times; BBF=[ 15.  30.  50. 100. 150. 200.]
BO_vec=array([89.48556394, 89.48556394, 89.48556394, 89.48556394, 89.48556394,
       89.48556394])
RS_vec=array([89.48556394, 89.48556394, 89.48556394, 89.48556394, 89.48556394,
       89.48556394])
Min Accumulated PREC(%) 10 times; BBF=[ 15.  30.  50. 100. 150. 200.]
BO_vec=array([89.48556394, 89.48556394, 89.48556394, 89.48556394, 89.48556394,
       89.48556394])
RS_vec=array([89.48556394, 89.48556394, 89.48556394, 89.48556394, 89.48556394,
       89.48556394])
Max Accumulated PREC(%) 10 times; BBF=[ 15.  30.  50. 100. 150. 200.]
BO_vec=array([89.48556394, 89.48556394, 89.48556394, 89.48556394, 89.48556394,
       89.48556394])
RS_vec=array([89.48556394, 89.48556394, 89.48556394, 89.48556394, 89.48556394,
       89.48556394])