
BO_ratio_matrix = 
[[93.81415143 95.94856859 79.95453081 95.36190529 96.00952716 91.79176879
  96.45763125 97.46540498 95.65060921 93.896005  ]
 [93.81415143 94.17275285 68.60081519 94.18216071 89.71304202 91.79176879
  94.26108395 94.80570587 83.93379293 93.896005  ]
 [93.81415143 89.33780971 68.60081519 91.79176879 89.17825356 91.79176879
  91.62318059 94.80570587 83.93379293 91.815796  ]
 [93.41604665 85.68305844 68.60081519 82.62895567 72.0924084  56.19312648
  91.62318059 93.25155034 83.93379293 79.37445321]
 [80.2607676  84.8653935  68.60081519 82.62895567 72.0924084  56.19312648
  91.62318059 93.25155034 83.93379293 79.37445321]
 [77.48950774 73.27475264 68.60081519 82.62895567 72.0924084  56.19312648
  91.62318059 93.25155034 83.93379293 79.37445321]]
RS_ratio_matrix = 
[[93.70202175 91.80373895 91.79176879 93.22399804 91.5556464  73.27475264
  95.82456713 96.40688957 91.80373895 91.15542599]
 [93.70202175 84.77659614 72.0924084  92.32424364 91.5556464  73.27475264
  95.08212775 90.86550226 91.80373895 85.21275121]
 [93.70202175 84.77659614 72.0924084  90.57541094 91.5556464  73.27475264
  93.51522385 90.86550226 91.80373895 85.21275121]
 [93.70202175 82.62895567 72.0924084  90.57541094 73.27475264 73.27475264
  91.07271691 90.86550226 91.80373895 84.8653935 ]
 [90.26509852 80.51821256 72.0924084  90.26455146 73.27475264 73.27475264
  84.98325763 90.86550226 86.76452014 84.8653935 ]
 [90.26509852 80.51821256 72.0924084  90.26455146 73.27475264 73.27475264
  84.98325763 85.10708814 86.76452014 84.8653935 ]]
Mean Accumulated PREC(%) 10 times; BBF=[ 15.  30.  50. 100. 150. 200.]
BO_vec=array([93.63501025, 89.91712787, 88.66930428, 80.67973879, 79.28244439,
       77.84625432])
RS_vec=array([91.05425482, 87.06897891, 86.73740525, 84.41556537, 82.71684498,
       82.14100356])
Median Accumulated PREC(%) 10 times; BBF=[ 15.  30.  50. 100. 150. 200.]
BO_vec=array([95.50625725, 93.85507821, 91.70747469, 83.2813743 , 81.44486164,
       78.43198048])
RS_vec=array([91.80373895, 91.21057433, 90.7204566 , 87.72040222, 84.92432557,
       84.92432557])
Min Accumulated PREC(%) 10 times; BBF=[ 15.  30.  50. 100. 150. 200.]
BO_vec=array([79.95453081, 68.60081519, 68.60081519, 56.19312648, 56.19312648,
       56.19312648])
RS_vec=array([73.27475264, 72.0924084 , 72.0924084 , 72.0924084 , 72.0924084 ,
       72.0924084 ])
Max Accumulated PREC(%) 10 times; BBF=[ 15.  30.  50. 100. 150. 200.]
BO_vec=array([97.46540498, 94.80570587, 94.80570587, 93.41604665, 93.25155034,
       93.25155034])
RS_vec=array([96.40688957, 95.08212775, 93.70202175, 93.70202175, 90.86550226,
       90.26509852])