
 input
[[23, 81], [33, 81], [24, 37], [12, 5], [11, 46], [32, 46], [15, 80], [13, 62], [14, 92], [5, 84], [11, 0], [11, 53], [10, 96], [10, 37], [12, 33]]
 output
 [96.50173503 96.51725905 96.6260017  96.26174954 96.03248849 96.58464264
 96.51211465 96.69579221 96.51226989 96.4958245  96.49323537 96.43592902
 96.50564621 96.42314935 96.32487238]
最小値:96.03248848707038
入力値:[11, 46]
経過時間:65.87403750419617sec
num_evaluation of BBF = 15.0
 input
[[23, 81], [33, 81], [24, 37], [12, 5], [11, 46], [32, 46], [15, 80], [13, 62], [14, 92], [5, 84], [11, 0], [11, 53], [10, 96], [10, 37], [12, 33], [13, 0], [7, 46], [11, 91], [12, 46], [11, 28], [9, 0], [39, 1], [0, 0], [19, 0], [26, 0], [19, 31], [20, 0], [21, 0], [0, 32], [21, 30]]
 output
 [96.50173503 96.51725905 96.6260017  96.26174954 96.03248849 96.58464264
 96.51211465 96.69579221 96.51226989 96.4958245  96.49323537 96.43592902
 96.50564621 96.42314935 96.32487238 96.51046198 96.47811501 96.50659222
 96.59779024 96.33938807 96.48337045 96.48894004 96.49523285 96.27872247
 96.49082532 96.51998735 96.31320401 96.33467818 96.5740012  96.50904733]
最小値:96.03248848707038
入力値:[11, 46]
経過時間:70.0965564250946sec
num_evaluation of BBF = 30.0
 input
[[23, 81], [33, 81], [24, 37], [12, 5], [11, 46], [32, 46], [15, 80], [13, 62], [14, 92], [5, 84], [11, 0], [11, 53], [10, 96], [10, 37], [12, 33], [13, 0], [7, 46], [11, 91], [12, 46], [11, 28], [9, 0], [39, 1], [0, 0], [19, 0], [26, 0], [19, 31], [20, 0], [21, 0], [0, 32], [21, 30], [39, 95], [39, 31], [39, 42], [38, 96], [11, 45], [1, 68], [2, 60], [38, 14], [11, 44], [11, 43], [21, 31], [9, 1], [11, 1], [22, 52], [3, 13], [34, 44], [12, 79], [30, 90], [6, 44], [30, 52]]
 output
 [96.50173503 96.51725905 96.6260017  96.26174954 96.03248849 96.58464264
 96.51211465 96.69579221 96.51226989 96.4958245  96.49323537 96.43592902
 96.50564621 96.42314935 96.32487238 96.51046198 96.47811501 96.50659222
 96.59779024 96.33938807 96.48337045 96.48894004 96.49523285 96.27872247
 96.49082532 96.51998735 96.31320401 96.33467818 96.5740012  96.50904733
 96.51462193 96.11841637 96.54968815 96.50326299 95.92177594 96.41836464
 96.5686093  96.95821611 95.84796645 95.92271085 96.50068725 96.49482656
 96.50071828 96.44664028 96.55717701 96.11898476 96.49949424 96.5147644
 95.96157134 96.53771508]
最小値:95.84796644814023
入力値:[11, 44]
経過時間:101.01178240776062sec
num_evaluation of BBF = 50.0
 input
[[23, 81], [33, 81], [24, 37], [12, 5], [11, 46], [32, 46], [15, 80], [13, 62], [14, 92], [5, 84], [11, 0], [11, 53], [10, 96], [10, 37], [12, 33], [13, 0], [7, 46], [11, 91], [12, 46], [11, 28], [9, 0], [39, 1], [0, 0], [19, 0], [26, 0], [19, 31], [20, 0], [21, 0], [0, 32], [21, 30], [39, 95], [39, 31], [39, 42], [38, 96], [11, 45], [1, 68], [2, 60], [38, 14], [11, 44], [11, 43], [21, 31], [9, 1], [11, 1], [22, 52], [3, 13], [34, 44], [12, 79], [30, 90], [6, 44], [30, 52], [33, 47], [20, 48], [28, 12], [23, 30], [28, 6], [31, 7], [6, 43], [23, 16], [17, 40], [37, 59], [19, 85], [37, 36], [16, 44], [5, 50], [18, 17], [39, 62], [18, 6], [0, 45], [0, 16], [6, 45], [38, 26], [39, 44], [23, 14], [6, 47], [23, 15], [24, 83], [31, 14], [36, 91], [28, 11], [8, 61], [2, 28], [1, 32], [28, 25], [31, 4], [39, 19], [9, 44], [10, 44], [9, 90], [22, 17], [3, 51], [19, 71], [19, 0], [26, 0], [9, 45], [5, 81], [10, 49], [20, 14], [12, 27], [21, 9], [18, 87]]
 output
 [96.50173503 96.51725905 96.6260017  96.26174954 96.03248849 96.58464264
 96.51211465 96.69579221 96.51226989 96.4958245  96.49323537 96.43592902
 96.50564621 96.42314935 96.32487238 96.51046198 96.47811501 96.50659222
 96.59779024 96.33938807 96.48337045 96.48894004 96.49523285 96.27872247
 96.49082532 96.51998735 96.31320401 96.33467818 96.5740012  96.50904733
 96.51462193 96.11841637 96.54968815 96.50326299 95.92177594 96.41836464
 96.5686093  96.95821611 95.84796645 95.92271085 96.50068725 96.49482656
 96.50071828 96.44664028 96.55717701 96.11898476 96.49949424 96.5147644
 95.96157134 96.53771508 96.61115046 96.56756875 96.72684998 96.57507457
 96.74403191 96.71098123 96.33826078 95.87726661 96.51211589 96.48965562
 96.51249338 96.52687644 96.52366155 96.3658333  96.40914474 96.5192154
 98.32316517 96.42455485 96.5608831  95.94261352 96.42498435 96.56182866
 95.96072982 96.55925933 96.44963409 96.50119056 96.83824486 96.48453841
 96.21924108 96.5569729  96.35115532 96.4634142  96.52569234 96.47630151
 96.59064497 95.94500588 95.78374663 96.49731418 96.44354615 96.52227289
 96.47988702 96.27872247 96.49082532 95.97748708 96.50700473 96.06327718
 96.34791238 96.4305559  95.86806635 96.51009258]
最小値:95.78374663297724
入力値:[10, 44]
経過時間:269.29951000213623sec
num_evaluation of BBF = 100.0
 input
[[23, 81], [33, 81], [24, 37], [12, 5], [11, 46], [32, 46], [15, 80], [13, 62], [14, 92], [5, 84], [11, 0], [11, 53], [10, 96], [10, 37], [12, 33], [13, 0], [7, 46], [11, 91], [12, 46], [11, 28], [9, 0], [39, 1], [0, 0], [19, 0], [26, 0], [19, 31], [20, 0], [21, 0], [0, 32], [21, 30], [39, 95], [39, 31], [39, 42], [38, 96], [11, 45], [1, 68], [2, 60], [38, 14], [11, 44], [11, 43], [21, 31], [9, 1], [11, 1], [22, 52], [3, 13], [34, 44], [12, 79], [30, 90], [6, 44], [30, 52], [33, 47], [20, 48], [28, 12], [23, 30], [28, 6], [31, 7], [6, 43], [23, 16], [17, 40], [37, 59], [19, 85], [37, 36], [16, 44], [5, 50], [18, 17], [39, 62], [18, 6], [0, 45], [0, 16], [6, 45], [38, 26], [39, 44], [23, 14], [6, 47], [23, 15], [24, 83], [31, 14], [36, 91], [28, 11], [8, 61], [2, 28], [1, 32], [28, 25], [31, 4], [39, 19], [9, 44], [10, 44], [9, 90], [22, 17], [3, 51], [19, 71], [19, 0], [26, 0], [9, 45], [5, 81], [10, 49], [20, 14], [12, 27], [21, 9], [18, 87], [33, 47], [20, 48], [28, 12], [23, 30], [28, 6], [31, 7], [24, 56], [10, 65], [2, 91], [21, 14], [7, 44], [37, 36], [28, 72], [18, 31], [8, 59], [6, 69], [28, 57], [2, 19], [19, 66], [12, 80], [8, 67], [4, 75], [4, 48], [10, 36], [27, 25], [8, 35], [12, 39], [36, 36], [28, 94], [30, 79], [17, 13], [2, 13], [25, 23], [37, 88], [35, 83], [4, 43], [14, 15], [22, 0], [16, 19], [34, 41], [24, 11], [31, 83], [36, 38], [29, 62], [6, 62], [27, 91], [17, 76], [3, 37], [20, 10], [39, 45]]
 output
 [96.50173503 96.51725905 96.6260017  96.26174954 96.03248849 96.58464264
 96.51211465 96.69579221 96.51226989 96.4958245  96.49323537 96.43592902
 96.50564621 96.42314935 96.32487238 96.51046198 96.47811501 96.50659222
 96.59779024 96.33938807 96.48337045 96.48894004 96.49523285 96.27872247
 96.49082532 96.51998735 96.31320401 96.33467818 96.5740012  96.50904733
 96.51462193 96.11841637 96.54968815 96.50326299 95.92177594 96.41836464
 96.5686093  96.95821611 95.84796645 95.92271085 96.50068725 96.49482656
 96.50071828 96.44664028 96.55717701 96.11898476 96.49949424 96.5147644
 95.96157134 96.53771508 96.61115046 96.56756875 96.72684998 96.57507457
 96.74403191 96.71098123 96.33826078 95.87726661 96.51211589 96.48965562
 96.51249338 96.52687644 96.52366155 96.3658333  96.40914474 96.5192154
 98.32316517 96.42455485 96.5608831  95.94261352 96.42498435 96.56182866
 95.96072982 96.55925933 96.44963409 96.50119056 96.83824486 96.48453841
 96.21924108 96.5569729  96.35115532 96.4634142  96.52569234 96.47630151
 96.59064497 95.94500588 95.78374663 96.49731418 96.44354615 96.52227289
 96.47988702 96.27872247 96.49082532 95.97748708 96.50700473 96.06327718
 96.34791238 96.4305559  95.86806635 96.51009258 96.61115046 96.56756875
 96.72684998 96.57507457 96.74403191 96.71098123 96.63676818 96.38820981
 96.47968134 97.17977359 96.50002258 96.52687644 96.53569571 96.57861213
 96.5698471  96.63671709 96.43869623 96.28433669 96.53199444 96.50114078
 96.55054565 96.52517757 96.62405158 96.42559856 95.92626243 96.30819474
 96.446071   96.80588211 96.5004784  96.50926794 96.08799553 96.80052505
 97.22553023 96.52431319 96.50232106 96.5582608  96.66932898 96.32914556
 96.41945257 96.61266197 95.8855645  96.51268339 96.02170514 96.43930983
 96.42274864 96.53228884 96.50182875 96.32227275 99.45339844 96.56244226]
最小値:95.78374663297724
入力値:[10, 44]
経過時間:319.7787935733795sec
num_evaluation of BBF = 150.0
 input
[[23, 81], [33, 81], [24, 37], [12, 5], [11, 46], [32, 46], [15, 80], [13, 62], [14, 92], [5, 84], [11, 0], [11, 53], [10, 96], [10, 37], [12, 33], [13, 0], [7, 46], [11, 91], [12, 46], [11, 28], [9, 0], [39, 1], [0, 0], [19, 0], [26, 0], [19, 31], [20, 0], [21, 0], [0, 32], [21, 30], [39, 95], [39, 31], [39, 42], [38, 96], [11, 45], [1, 68], [2, 60], [38, 14], [11, 44], [11, 43], [21, 31], [9, 1], [11, 1], [22, 52], [3, 13], [34, 44], [12, 79], [30, 90], [6, 44], [30, 52], [33, 47], [20, 48], [28, 12], [23, 30], [28, 6], [31, 7], [6, 43], [23, 16], [17, 40], [37, 59], [19, 85], [37, 36], [16, 44], [5, 50], [18, 17], [39, 62], [18, 6], [0, 45], [0, 16], [6, 45], [38, 26], [39, 44], [23, 14], [6, 47], [23, 15], [24, 83], [31, 14], [36, 91], [28, 11], [8, 61], [2, 28], [1, 32], [28, 25], [31, 4], [39, 19], [9, 44], [10, 44], [9, 90], [22, 17], [3, 51], [19, 71], [19, 0], [26, 0], [9, 45], [5, 81], [10, 49], [20, 14], [12, 27], [21, 9], [18, 87], [33, 47], [20, 48], [28, 12], [23, 30], [28, 6], [31, 7], [24, 56], [10, 65], [2, 91], [21, 14], [7, 44], [37, 36], [28, 72], [18, 31], [8, 59], [6, 69], [28, 57], [2, 19], [19, 66], [12, 80], [8, 67], [4, 75], [4, 48], [10, 36], [27, 25], [8, 35], [12, 39], [36, 36], [28, 94], [30, 79], [17, 13], [2, 13], [25, 23], [37, 88], [35, 83], [4, 43], [14, 15], [22, 0], [16, 19], [34, 41], [24, 11], [31, 83], [36, 38], [29, 62], [6, 62], [27, 91], [17, 76], [3, 37], [20, 10], [39, 45], [39, 34], [39, 64], [0, 21], [0, 40], [0, 41], [0, 24], [23, 17], [7, 61], [0, 44], [39, 54], [1, 3], [39, 74], [16, 29], [38, 94], [34, 17], [39, 77], [1, 72], [0, 96], [30, 79], [39, 68], [0, 55], [0, 20], [8, 36], [0, 38], [1, 45], [38, 86], [12, 7], [28, 31], [26, 56], [25, 36], [3, 44], [39, 50], [34, 43], [2, 26], [38, 21], [38, 70], [0, 73], [39, 20], [0, 64], [0, 77], [39, 27], [39, 3], [0, 88], [39, 39], [0, 93], [1, 96], [0, 58], [0, 42], [0, 34], [0, 22]]
 output
 [96.50173503 96.51725905 96.6260017  96.26174954 96.03248849 96.58464264
 96.51211465 96.69579221 96.51226989 96.4958245  96.49323537 96.43592902
 96.50564621 96.42314935 96.32487238 96.51046198 96.47811501 96.50659222
 96.59779024 96.33938807 96.48337045 96.48894004 96.49523285 96.27872247
 96.49082532 96.51998735 96.31320401 96.33467818 96.5740012  96.50904733
 96.51462193 96.11841637 96.54968815 96.50326299 95.92177594 96.41836464
 96.5686093  96.95821611 95.84796645 95.92271085 96.50068725 96.49482656
 96.50071828 96.44664028 96.55717701 96.11898476 96.49949424 96.5147644
 95.96157134 96.53771508 96.61115046 96.56756875 96.72684998 96.57507457
 96.74403191 96.71098123 96.33826078 95.87726661 96.51211589 96.48965562
 96.51249338 96.52687644 96.52366155 96.3658333  96.40914474 96.5192154
 98.32316517 96.42455485 96.5608831  95.94261352 96.42498435 96.56182866
 95.96072982 96.55925933 96.44963409 96.50119056 96.83824486 96.48453841
 96.21924108 96.5569729  96.35115532 96.4634142  96.52569234 96.47630151
 96.59064497 95.94500588 95.78374663 96.49731418 96.44354615 96.52227289
 96.47988702 96.27872247 96.49082532 95.97748708 96.50700473 96.06327718
 96.34791238 96.4305559  95.86806635 96.51009258 96.61115046 96.56756875
 96.72684998 96.57507457 96.74403191 96.71098123 96.63676818 96.38820981
 96.47968134 97.17977359 96.50002258 96.52687644 96.53569571 96.57861213
 96.5698471  96.63671709 96.43869623 96.28433669 96.53199444 96.50114078
 96.55054565 96.52517757 96.62405158 96.42559856 95.92626243 96.30819474
 96.446071   96.80588211 96.5004784  96.50926794 96.08799553 96.80052505
 97.22553023 96.52431319 96.50232106 96.5582608  96.66932898 96.32914556
 96.41945257 96.61266197 95.8855645  96.51268339 96.02170514 96.43930983
 96.42274864 96.53228884 96.50182875 96.32227275 99.45339844 96.56244226
 96.65860621 96.49296884 96.35914452 96.52789899 96.51543619 96.68707956
 96.39383481 96.55580219 96.26489363 96.53243491 96.50273582 96.52445509
 96.49499983 96.51517491 96.51902831 96.50214434 96.44348584 96.50351386
 96.50926794 96.59936509 96.48459381 96.35671377 96.48949494 96.66602153
 95.86499757 96.51377747 96.1577535  96.58276083 96.59621182 96.32232843
 95.55664705 96.50422213 96.18471117 96.28784834 96.09500816 96.47148888
 96.5438182  96.74208716 96.49444803 96.52220152 96.64874347 96.50518626
 96.50479916 96.03109877 96.47523081 96.50374143 96.44384408 96.19489332
 96.18015866 96.67413487]
最小値:95.55664704909395
入力値:[3, 44]
経過時間:315.0280463695526sec
num_evaluation of BBF = 200.0