
BO_ratio_matrix = 
[[99.13658963]
 [99.13658963]
 [98.9461032 ]
 [98.87980758]
 [98.87980758]
 [98.64536736]]
RS_ratio_matrix = 
[[99.17842184]
 [99.04139886]
 [99.04139886]
 [98.64220379]
 [98.64220379]
 [98.64220379]]
Mean Accumulated PREC(%) 1 times; BBF=[ 15.  30.  50. 100. 150. 200.]
BO_vec=array([99.13658963, 99.13658963, 98.9461032 , 98.87980758, 98.87980758,
       98.64536736])
RS_vec=array([99.17842184, 99.04139886, 99.04139886, 98.64220379, 98.64220379,
       98.64220379])
Median Accumulated PREC(%) 1 times; BBF=[ 15.  30.  50. 100. 150. 200.]
BO_vec=array([99.13658963, 99.13658963, 98.9461032 , 98.87980758, 98.87980758,
       98.64536736])
RS_vec=array([99.17842184, 99.04139886, 99.04139886, 98.64220379, 98.64220379,
       98.64220379])
Min Accumulated PREC(%) 1 times; BBF=[ 15.  30.  50. 100. 150. 200.]
BO_vec=array([99.13658963, 99.13658963, 98.9461032 , 98.87980758, 98.87980758,
       98.64536736])
RS_vec=array([99.17842184, 99.04139886, 99.04139886, 98.64220379, 98.64220379,
       98.64220379])
Max Accumulated PREC(%) 1 times; BBF=[ 15.  30.  50. 100. 150. 200.]
BO_vec=array([99.13658963, 99.13658963, 98.9461032 , 98.87980758, 98.87980758,
       98.64536736])
RS_vec=array([99.17842184, 99.04139886, 99.04139886, 98.64220379, 98.64220379,
       98.64220379])