
 input
[[23, 81], [33, 81], [24, 37], [12, 5], [11, 46], [32, 46], [15, 80], [13, 62], [14, 92], [5, 84], [38, 0], [0, 10], [39, 22], [39, 6], [1, 0]]
 output
 [96.50205227 96.50933399 96.55099296 96.43524678 96.53236407 96.53815028
 96.50958662 96.58173991 96.51317072 96.49789113 96.48150285 96.46955717
 96.50633257 96.48477331 96.46707897]
最小値:96.43524677532206
入力値:[12, 5]
経過時間:59.69371438026428sec
num_evaluation of BBF = 15.0
 input
[[23, 81], [33, 81], [24, 37], [12, 5], [11, 46], [32, 46], [15, 80], [13, 62], [14, 92], [5, 84], [38, 0], [0, 10], [39, 22], [39, 6], [1, 0], [18, 2], [38, 11], [0, 12], [0, 4], [0, 86], [1, 8], [39, 9], [39, 25], [38, 26], [39, 24], [0, 72], [0, 54], [2, 52], [0, 56], [0, 58]]
 output
 [96.50205227 96.50933399 96.55099296 96.43524678 96.53236407 96.53815028
 96.50958662 96.58173991 96.51317072 96.49789113 96.48150285 96.46955717
 96.50633257 96.48477331 96.46707897 96.68994358 96.4530478  96.55794978
 96.51292981 96.50432005 96.46914905 96.49332942 96.44526825 96.5288845
 96.45435975 96.51915166 96.48805876 96.51772004 96.49102363 96.48809017]
最小値:96.43524677532206
入力値:[12, 5]
経過時間:61.233376026153564sec
num_evaluation of BBF = 30.0
 input
[[23, 81], [33, 81], [24, 37], [12, 5], [11, 46], [32, 46], [15, 80], [13, 62], [14, 92], [5, 84], [38, 0], [0, 10], [39, 22], [39, 6], [1, 0], [18, 2], [38, 11], [0, 12], [0, 4], [0, 86], [1, 8], [39, 9], [39, 25], [38, 26], [39, 24], [0, 72], [0, 54], [2, 52], [0, 56], [0, 58], [0, 18], [39, 96], [0, 32], [39, 67], [0, 76], [39, 89], [0, 42], [0, 49], [0, 94], [38, 16], [1, 29], [12, 96], [38, 20], [38, 70], [0, 78], [39, 40], [39, 74], [37, 1], [36, 0], [10, 0]]
 output
 [96.50205227 96.50933399 96.55099296 96.43524678 96.53236407 96.53815028
 96.50958662 96.58173991 96.51317072 96.49789113 96.48150285 96.46955717
 96.50633257 96.48477331 96.46707897 96.68994358 96.4530478  96.55794978
 96.51292981 96.50432005 96.46914905 96.49332942 96.44526825 96.5288845
 96.45435975 96.51915166 96.48805876 96.51772004 96.49102363 96.48809017
 96.51635598 96.50320615 96.55424744 96.53171477 96.51568517 96.51021552
 96.52058546 96.53688519 96.5162198  96.50800609 96.49305473 96.50611014
 96.47249861 96.49467153 96.51152733 96.48247108 96.51664697 96.48804666
 96.49636009 96.4722678 ]
最小値:96.43524677532206
入力値:[12, 5]
経過時間:119.60718703269958sec
num_evaluation of BBF = 50.0
 input
[[23, 81], [33, 81], [24, 37], [12, 5], [11, 46], [32, 46], [15, 80], [13, 62], [14, 92], [5, 84], [38, 0], [0, 10], [39, 22], [39, 6], [1, 0], [18, 2], [38, 11], [0, 12], [0, 4], [0, 86], [1, 8], [39, 9], [39, 25], [38, 26], [39, 24], [0, 72], [0, 54], [2, 52], [0, 56], [0, 58], [0, 18], [39, 96], [0, 32], [39, 67], [0, 76], [39, 89], [0, 42], [0, 49], [0, 94], [38, 16], [1, 29], [12, 96], [38, 20], [38, 70], [0, 78], [39, 40], [39, 74], [37, 1], [36, 0], [10, 0], [9, 0], [6, 0], [28, 96], [7, 24], [19, 96], [29, 0], [4, 0], [7, 61], [25, 14], [22, 7], [38, 96], [27, 22], [1, 96], [32, 46], [39, 0], [34, 54], [34, 26], [9, 32], [9, 62], [19, 51], [30, 33], [8, 61], [0, 0], [10, 48], [13, 37], [0, 96], [21, 80], [4, 5], [14, 70], [30, 60], [22, 11], [8, 0], [20, 7], [1, 7], [19, 70], [1, 5], [39, 35], [0, 65], [37, 96], [0, 44], [21, 3], [10, 20], [6, 64], [31, 13], [12, 57], [19, 61], [29, 89], [36, 37], [20, 87], [24, 42]]
 output
 [96.50205227 96.50933399 96.55099296 96.43524678 96.53236407 96.53815028
 96.50958662 96.58173991 96.51317072 96.49789113 96.48150285 96.46955717
 96.50633257 96.48477331 96.46707897 96.68994358 96.4530478  96.55794978
 96.51292981 96.50432005 96.46914905 96.49332942 96.44526825 96.5288845
 96.45435975 96.51915166 96.48805876 96.51772004 96.49102363 96.48809017
 96.51635598 96.50320615 96.55424744 96.53171477 96.51568517 96.51021552
 96.52058546 96.53688519 96.5162198  96.50800609 96.49305473 96.50611014
 96.47249861 96.49467153 96.51152733 96.48247108 96.51664697 96.48804666
 96.49636009 96.4722678  96.40639678 96.46605146 96.50209082 96.51256433
 96.50258973 96.49215891 96.47795762 96.52029019 96.45304736 96.42000808
 96.50295452 96.50507261 96.50393795 96.53815028 96.47426277 96.52346553
 96.53458635 96.48607592 96.45973688 96.55071977 96.46251174 96.52418173
 96.47093582 96.47513213 96.49766581 96.50343197 96.50658642 96.46225008
 96.49046568 96.51896494 96.68823165 96.44216838 96.3539679  96.47320413
 96.48493116 96.46978958 96.56163157 96.50467199 96.50272294 96.48069378
 96.25583855 96.5028985  96.46758608 96.47090529 96.51471217 96.47340112
 96.50933108 96.55532691 96.50765141 96.43742699]
最小値:96.25583855164169
入力値:[21, 3]
経過時間:221.3230013847351sec
num_evaluation of BBF = 100.0
 input
[[23, 81], [33, 81], [24, 37], [12, 5], [11, 46], [32, 46], [15, 80], [13, 62], [14, 92], [5, 84], [38, 0], [0, 10], [39, 22], [39, 6], [1, 0], [18, 2], [38, 11], [0, 12], [0, 4], [0, 86], [1, 8], [39, 9], [39, 25], [38, 26], [39, 24], [0, 72], [0, 54], [2, 52], [0, 56], [0, 58], [0, 18], [39, 96], [0, 32], [39, 67], [0, 76], [39, 89], [0, 42], [0, 49], [0, 94], [38, 16], [1, 29], [12, 96], [38, 20], [38, 70], [0, 78], [39, 40], [39, 74], [37, 1], [36, 0], [10, 0], [9, 0], [6, 0], [28, 96], [7, 24], [19, 96], [29, 0], [4, 0], [7, 61], [25, 14], [22, 7], [38, 96], [27, 22], [1, 96], [32, 46], [39, 0], [34, 54], [34, 26], [9, 32], [9, 62], [19, 51], [30, 33], [8, 61], [0, 0], [10, 48], [13, 37], [0, 96], [21, 80], [4, 5], [14, 70], [30, 60], [22, 11], [8, 0], [20, 7], [1, 7], [19, 70], [1, 5], [39, 35], [0, 65], [37, 96], [0, 44], [21, 3], [10, 20], [6, 64], [31, 13], [12, 57], [19, 61], [29, 89], [36, 37], [20, 87], [24, 42], [33, 47], [20, 48], [28, 12], [23, 30], [28, 6], [31, 7], [24, 56], [10, 65], [2, 91], [21, 14], [39, 75], [21, 4], [39, 85], [0, 68], [1, 40], [0, 74], [0, 84], [1, 28], [39, 90], [0, 19], [39, 77], [38, 67], [39, 41], [39, 29], [38, 83], [39, 72], [0, 88], [39, 18], [0, 34], [38, 52], [0, 39], [39, 91], [39, 78], [39, 66], [1, 23], [38, 43], [39, 33], [0, 27], [39, 57], [19, 92], [0, 83], [0, 21], [2, 34], [17, 41], [29, 53], [24, 64], [29, 46], [25, 23], [5, 12], [19, 36]]
 output
 [96.50205227 96.50933399 96.55099296 96.43524678 96.53236407 96.53815028
 96.50958662 96.58173991 96.51317072 96.49789113 96.48150285 96.46955717
 96.50633257 96.48477331 96.46707897 96.68994358 96.4530478  96.55794978
 96.51292981 96.50432005 96.46914905 96.49332942 96.44526825 96.5288845
 96.45435975 96.51915166 96.48805876 96.51772004 96.49102363 96.48809017
 96.51635598 96.50320615 96.55424744 96.53171477 96.51568517 96.51021552
 96.52058546 96.53688519 96.5162198  96.50800609 96.49305473 96.50611014
 96.47249861 96.49467153 96.51152733 96.48247108 96.51664697 96.48804666
 96.49636009 96.4722678  96.40639678 96.46605146 96.50209082 96.51256433
 96.50258973 96.49215891 96.47795762 96.52029019 96.45304736 96.42000808
 96.50295452 96.50507261 96.50393795 96.53815028 96.47426277 96.52346553
 96.53458635 96.48607592 96.45973688 96.55071977 96.46251174 96.52418173
 96.47093582 96.47513213 96.49766581 96.50343197 96.50658642 96.46225008
 96.49046568 96.51896494 96.68823165 96.44216838 96.3539679  96.47320413
 96.48493116 96.46978958 96.56163157 96.50467199 96.50272294 96.48069378
 96.25583855 96.5028985  96.46758608 96.47090529 96.51471217 96.47340112
 96.50933108 96.55532691 96.50765141 96.43742699 96.53136413 96.52246466
 96.57580296 96.54815916 96.58421831 96.5488464  96.56112756 96.47365036
 96.47984143 96.73908451 96.51199246 96.44751477 96.50454154 96.49641512
 96.50564209 96.51932776 96.50399413 96.51039969 96.50010325 96.49224991
 96.50527887 96.50296253 96.47852557 96.53828174 96.50100165 96.52799001
 96.50429238 96.53729249 96.44792031 96.51693797 96.54665644 96.47953256
 96.50238297 96.51206138 96.4551196  96.5628313  96.47131327 96.46728351
 96.50902491 96.52468013 96.50470132 96.44546735 96.41902305 96.50361115
 96.51810888 96.52928094 96.53025966 96.63987475 96.54996899 96.50204723]
最小値:96.25583855164169
入力値:[21, 3]
経過時間:236.64652132987976sec
num_evaluation of BBF = 150.0
 input
[[23, 81], [33, 81], [24, 37], [12, 5], [11, 46], [32, 46], [15, 80], [13, 62], [14, 92], [5, 84], [38, 0], [0, 10], [39, 22], [39, 6], [1, 0], [18, 2], [38, 11], [0, 12], [0, 4], [0, 86], [1, 8], [39, 9], [39, 25], [38, 26], [39, 24], [0, 72], [0, 54], [2, 52], [0, 56], [0, 58], [0, 18], [39, 96], [0, 32], [39, 67], [0, 76], [39, 89], [0, 42], [0, 49], [0, 94], [38, 16], [1, 29], [12, 96], [38, 20], [38, 70], [0, 78], [39, 40], [39, 74], [37, 1], [36, 0], [10, 0], [9, 0], [6, 0], [28, 96], [7, 24], [19, 96], [29, 0], [4, 0], [7, 61], [25, 14], [22, 7], [38, 96], [27, 22], [1, 96], [32, 46], [39, 0], [34, 54], [34, 26], [9, 32], [9, 62], [19, 51], [30, 33], [8, 61], [0, 0], [10, 48], [13, 37], [0, 96], [21, 80], [4, 5], [14, 70], [30, 60], [22, 11], [8, 0], [20, 7], [1, 7], [19, 70], [1, 5], [39, 35], [0, 65], [37, 96], [0, 44], [21, 3], [10, 20], [6, 64], [31, 13], [12, 57], [19, 61], [29, 89], [36, 37], [20, 87], [24, 42], [33, 47], [20, 48], [28, 12], [23, 30], [28, 6], [31, 7], [24, 56], [10, 65], [2, 91], [21, 14], [39, 75], [21, 4], [39, 85], [0, 68], [1, 40], [0, 74], [0, 84], [1, 28], [39, 90], [0, 19], [39, 77], [38, 67], [39, 41], [39, 29], [38, 83], [39, 72], [0, 88], [39, 18], [0, 34], [38, 52], [0, 39], [39, 91], [39, 78], [39, 66], [1, 23], [38, 43], [39, 33], [0, 27], [39, 57], [19, 92], [0, 83], [0, 21], [2, 34], [17, 41], [29, 53], [24, 64], [29, 46], [25, 23], [5, 12], [19, 36], [1, 72], [39, 3], [39, 87], [39, 59], [0, 77], [39, 69], [38, 30], [0, 17], [1, 30], [39, 82], [38, 51], [0, 92], [27, 85], [3, 87], [36, 61], [39, 42], [14, 33], [33, 69], [0, 75], [2, 27], [0, 37], [1, 29], [16, 68], [23, 94], [0, 55], [39, 79], [39, 73], [1, 50], [39, 4], [39, 19], [37, 26], [39, 66], [34, 22], [24, 20], [31, 63], [38, 37], [7, 92], [2, 49], [28, 51], [5, 77], [3, 34], [24, 9], [19, 13], [39, 58], [22, 2], [39, 8], [13, 44], [0, 89], [38, 39], [0, 82]]
 output
 [96.50205227 96.50933399 96.55099296 96.43524678 96.53236407 96.53815028
 96.50958662 96.58173991 96.51317072 96.49789113 96.48150285 96.46955717
 96.50633257 96.48477331 96.46707897 96.68994358 96.4530478  96.55794978
 96.51292981 96.50432005 96.46914905 96.49332942 96.44526825 96.5288845
 96.45435975 96.51915166 96.48805876 96.51772004 96.49102363 96.48809017
 96.51635598 96.50320615 96.55424744 96.53171477 96.51568517 96.51021552
 96.52058546 96.53688519 96.5162198  96.50800609 96.49305473 96.50611014
 96.47249861 96.49467153 96.51152733 96.48247108 96.51664697 96.48804666
 96.49636009 96.4722678  96.40639678 96.46605146 96.50209082 96.51256433
 96.50258973 96.49215891 96.47795762 96.52029019 96.45304736 96.42000808
 96.50295452 96.50507261 96.50393795 96.53815028 96.47426277 96.52346553
 96.53458635 96.48607592 96.45973688 96.55071977 96.46251174 96.52418173
 96.47093582 96.47513213 96.49766581 96.50343197 96.50658642 96.46225008
 96.49046568 96.51896494 96.68823165 96.44216838 96.3539679  96.47320413
 96.48493116 96.46978958 96.56163157 96.50467199 96.50272294 96.48069378
 96.25583855 96.5028985  96.46758608 96.47090529 96.51471217 96.47340112
 96.50933108 96.55532691 96.50765141 96.43742699 96.53136413 96.52246466
 96.57580296 96.54815916 96.58421831 96.5488464  96.56112756 96.47365036
 96.47984143 96.73908451 96.51199246 96.44751477 96.50454154 96.49641512
 96.50564209 96.51932776 96.50399413 96.51039969 96.50010325 96.49224991
 96.50527887 96.50296253 96.47852557 96.53828174 96.50100165 96.52799001
 96.50429238 96.53729249 96.44792031 96.51693797 96.54665644 96.47953256
 96.50238297 96.51206138 96.4551196  96.5628313  96.47131327 96.46728351
 96.50902491 96.52468013 96.50470132 96.44546735 96.41902305 96.50361115
 96.51810888 96.52928094 96.53025966 96.63987475 96.54996899 96.50204723
 96.4755947  96.50685169 96.50900905 96.50716786 96.51331072 96.54049991
 96.4639979  96.60139971 96.46069152 96.49913336 96.51650166 96.46006447
 96.51437924 96.48857056 96.50433154 96.47116473 96.48721405 96.48829283
 96.51810561 96.4549737  96.50044795 96.49305473 96.46115505 96.50394886
 96.49454982 96.5005547  96.52194085 96.5182565  96.51323182 96.52242382
 96.45136315 96.51206138 96.5639399  96.60168278 96.51139028 96.45071213
 96.514688   96.492483   96.47429698 96.50573394 96.55383534 96.43096566
 96.65820391 96.50783176 96.6588679  96.48409097 96.4903523  96.50411531
 96.48298877 96.50592476]
最小値:96.25583855164169
入力値:[21, 3]
経過時間:272.75184082984924sec
num_evaluation of BBF = 200.0