
BO_ratio_matrix = 
[[99.55236646]
 [99.55236646]
 [99.55236646]
 [99.36715914]
 [99.36715914]
 [99.36715914]]
RS_ratio_matrix = 
[[99.53857597]
 [99.46270529]
 [99.46270529]
 [99.46270529]
 [99.46270529]
 [99.46270529]]
Mean Accumulated PREC(%) 1 times; BBF=[ 15.  30.  50. 100. 150. 200.]
BO_vec=array([99.55236646, 99.55236646, 99.55236646, 99.36715914, 99.36715914,
       99.36715914])
RS_vec=array([99.53857597, 99.46270529, 99.46270529, 99.46270529, 99.46270529,
       99.46270529])
Median Accumulated PREC(%) 1 times; BBF=[ 15.  30.  50. 100. 150. 200.]
BO_vec=array([99.55236646, 99.55236646, 99.55236646, 99.36715914, 99.36715914,
       99.36715914])
RS_vec=array([99.53857597, 99.46270529, 99.46270529, 99.46270529, 99.46270529,
       99.46270529])
Min Accumulated PREC(%) 1 times; BBF=[ 15.  30.  50. 100. 150. 200.]
BO_vec=array([99.55236646, 99.55236646, 99.55236646, 99.36715914, 99.36715914,
       99.36715914])
RS_vec=array([99.53857597, 99.46270529, 99.46270529, 99.46270529, 99.46270529,
       99.46270529])
Max Accumulated PREC(%) 1 times; BBF=[ 15.  30.  50. 100. 150. 200.]
BO_vec=array([99.55236646, 99.55236646, 99.55236646, 99.36715914, 99.36715914,
       99.36715914])
RS_vec=array([99.53857597, 99.46270529, 99.46270529, 99.46270529, 99.46270529,
       99.46270529])