
 input
[[23, 81], [33, 81], [24, 37], [12, 5], [11, 46], [32, 46], [15, 80], [13, 62], [14, 92], [5, 84], [16, 61], [0, 31], [39, 24], [38, 22], [39, 36]]
 output
 [96.5165672  96.49144842 96.35911989 96.70824349 96.20003577 96.60647054
 96.49608435 96.77796546 96.53839178 96.45789657 96.60839756 96.40876441
 96.07416299 96.78389522 96.63106786]
最小値:96.07416299190281
入力値:[39, 24]
経過時間:66.75619769096375sec
num_evaluation of BBF = 15.0
 input
[[23, 81], [33, 81], [24, 37], [12, 5], [11, 46], [32, 46], [15, 80], [13, 62], [14, 92], [5, 84], [16, 61], [0, 31], [39, 24], [38, 22], [39, 36], [1, 24], [39, 25], [24, 64], [35, 65], [18, 59], [39, 21], [11, 45], [7, 45], [39, 26], [26, 87], [21, 71], [34, 14], [0, 28], [0, 42], [0, 41]]
 output
 [96.5165672  96.49144842 96.35911989 96.70824349 96.20003577 96.60647054
 96.49608435 96.77796546 96.53839178 96.45789657 96.60839756 96.40876441
 96.07416299 96.78389522 96.63106786 96.35319958 96.09636189 96.6186554
 96.46824473 96.7257769  96.6118132  95.91071796 96.58394146 96.30880569
 96.49774168 96.47253884 96.52027301 96.26766266 95.26597958 96.39516886]
最小値:95.26597958443017
入力値:[0, 42]
経過時間:66.24572587013245sec
num_evaluation of BBF = 30.0
 input
[[23, 81], [33, 81], [24, 37], [12, 5], [11, 46], [32, 46], [15, 80], [13, 62], [14, 92], [5, 84], [16, 61], [0, 31], [39, 24], [38, 22], [39, 36], [1, 24], [39, 25], [24, 64], [35, 65], [18, 59], [39, 21], [11, 45], [7, 45], [39, 26], [26, 87], [21, 71], [34, 14], [0, 28], [0, 42], [0, 41], [1, 52], [38, 0], [38, 96], [0, 75], [1, 10], [39, 41], [0, 37], [38, 55], [0, 17], [39, 31], [0, 96], [0, 0], [39, 71], [39, 50], [38, 89], [39, 32], [17, 4], [39, 7], [21, 82], [39, 0]]
 output
 [96.5165672  96.49144842 96.35911989 96.70824349 96.20003577 96.60647054
 96.49608435 96.77796546 96.53839178 96.45789657 96.60839756 96.40876441
 96.07416299 96.78389522 96.63106786 96.35319958 96.09636189 96.6186554
 96.46824473 96.7257769  96.6118132  95.91071796 96.58394146 96.30880569
 96.49774168 96.47253884 96.52027301 96.26766266 95.26597958 96.39516886
 96.47467386 96.5356402  96.54533254 96.50068089 96.6664144  96.32324997
 96.37493744 96.77145533 96.86152081 96.04581903 96.54283022 96.56475317
 96.58885826 96.32115529 96.48333599 96.10877522 95.50641407 96.53736128
 96.48176755 96.54041299]
最小値:95.26597958443017
入力値:[0, 42]
経過時間:102.76291179656982sec
num_evaluation of BBF = 50.0
 input
[[23, 81], [33, 81], [24, 37], [12, 5], [11, 46], [32, 46], [15, 80], [13, 62], [14, 92], [5, 84], [16, 61], [0, 31], [39, 24], [38, 22], [39, 36], [1, 24], [39, 25], [24, 64], [35, 65], [18, 59], [39, 21], [11, 45], [7, 45], [39, 26], [26, 87], [21, 71], [34, 14], [0, 28], [0, 42], [0, 41], [1, 52], [38, 0], [38, 96], [0, 75], [1, 10], [39, 41], [0, 37], [38, 55], [0, 17], [39, 31], [0, 96], [0, 0], [39, 71], [39, 50], [38, 89], [39, 32], [17, 4], [39, 7], [21, 82], [39, 0], [33, 47], [39, 96], [1, 33], [17, 9], [17, 16], [17, 7], [18, 7], [16, 6], [16, 8], [16, 7], [16, 5], [16, 9], [15, 9], [3, 87], [36, 61], [39, 42], [14, 33], [33, 69], [14, 51], [10, 73], [30, 8], [4, 86], [32, 14], [17, 11], [9, 71], [25, 23], [21, 80], [4, 5], [14, 70], [30, 60], [22, 11], [34, 91], [23, 70], [28, 65], [33, 38], [33, 29], [1, 4], [5, 79], [6, 48], [21, 35], [6, 43], [34, 87], [1, 24], [38, 61], [28, 38], [19, 74], [31, 67], [26, 45], [20, 89], [38, 42]]
 output
 [96.5165672  96.49144842 96.35911989 96.70824349 96.20003577 96.60647054
 96.49608435 96.77796546 96.53839178 96.45789657 96.60839756 96.40876441
 96.07416299 96.78389522 96.63106786 96.35319958 96.09636189 96.6186554
 96.46824473 96.7257769  96.6118132  95.91071796 96.58394146 96.30880569
 96.49774168 96.47253884 96.52027301 96.26766266 95.26597958 96.39516886
 96.47467386 96.5356402  96.54533254 96.50068089 96.6664144  96.32324997
 96.37493744 96.77145533 96.86152081 96.04581903 96.54283022 96.56475317
 96.58885826 96.32115529 96.48333599 96.10877522 95.50641407 96.53736128
 96.48176755 96.54041299 96.47044866 96.54407187 96.69300249 95.49273215
 96.64758085 94.82309794 96.03970271 95.27111669 95.1297739  95.27257618
 95.97465512 95.23822762 96.34223137 96.45054031 96.34463819 96.37995451
 96.39883801 96.61634941 96.06232682 96.36722776 96.65115587 96.45267813
 96.53884193 96.03436596 96.61538725 96.16883017 96.49026659 96.44449253
 96.62481391 96.79432428 96.56843448 96.50550744 96.48062257 96.24287916
 96.62879262 96.30457547 96.5077997  96.47579617 96.49374027 96.6325251
 95.73919266 96.58660692 96.35319958 96.68231195 96.32855889 96.43318121
 96.42400068 96.42919601 96.502182   96.71368917]
最小値:94.82309794038306
入力値:[17, 7]
経過時間:228.433931350708sec
num_evaluation of BBF = 100.0
 input
[[23, 81], [33, 81], [24, 37], [12, 5], [11, 46], [32, 46], [15, 80], [13, 62], [14, 92], [5, 84], [16, 61], [0, 31], [39, 24], [38, 22], [39, 36], [1, 24], [39, 25], [24, 64], [35, 65], [18, 59], [39, 21], [11, 45], [7, 45], [39, 26], [26, 87], [21, 71], [34, 14], [0, 28], [0, 42], [0, 41], [1, 52], [38, 0], [38, 96], [0, 75], [1, 10], [39, 41], [0, 37], [38, 55], [0, 17], [39, 31], [0, 96], [0, 0], [39, 71], [39, 50], [38, 89], [39, 32], [17, 4], [39, 7], [21, 82], [39, 0], [33, 47], [39, 96], [1, 33], [17, 9], [17, 16], [17, 7], [18, 7], [16, 6], [16, 8], [16, 7], [16, 5], [16, 9], [15, 9], [3, 87], [36, 61], [39, 42], [14, 33], [33, 69], [14, 51], [10, 73], [30, 8], [4, 86], [32, 14], [17, 11], [9, 71], [25, 23], [21, 80], [4, 5], [14, 70], [30, 60], [22, 11], [34, 91], [23, 70], [28, 65], [33, 38], [33, 29], [1, 4], [5, 79], [6, 48], [21, 35], [6, 43], [34, 87], [1, 24], [38, 61], [28, 38], [19, 74], [31, 67], [26, 45], [20, 89], [38, 42], [33, 47], [20, 48], [28, 12], [23, 30], [28, 6], [31, 7], [24, 56], [10, 65], [2, 91], [21, 14], [25, 71], [17, 8], [28, 72], [18, 31], [8, 59], [6, 69], [28, 57], [2, 19], [19, 66], [12, 80], [8, 67], [4, 75], [4, 48], [10, 36], [27, 25], [8, 35], [12, 39], [36, 36], [28, 94], [30, 79], [17, 13], [2, 13], [25, 23], [37, 88], [35, 83], [4, 43], [14, 15], [22, 0], [16, 19], [34, 41], [24, 11], [31, 83], [36, 38], [29, 62], [6, 62], [27, 91], [17, 76], [3, 37], [24, 63], [12, 14]]
 output
 [96.5165672  96.49144842 96.35911989 96.70824349 96.20003577 96.60647054
 96.49608435 96.77796546 96.53839178 96.45789657 96.60839756 96.40876441
 96.07416299 96.78389522 96.63106786 96.35319958 96.09636189 96.6186554
 96.46824473 96.7257769  96.6118132  95.91071796 96.58394146 96.30880569
 96.49774168 96.47253884 96.52027301 96.26766266 95.26597958 96.39516886
 96.47467386 96.5356402  96.54533254 96.50068089 96.6664144  96.32324997
 96.37493744 96.77145533 96.86152081 96.04581903 96.54283022 96.56475317
 96.58885826 96.32115529 96.48333599 96.10877522 95.50641407 96.53736128
 96.48176755 96.54041299 96.47044866 96.54407187 96.69300249 95.49273215
 96.64758085 94.82309794 96.03970271 95.27111669 95.1297739  95.27257618
 95.97465512 95.23822762 96.34223137 96.45054031 96.34463819 96.37995451
 96.39883801 96.61634941 96.06232682 96.36722776 96.65115587 96.45267813
 96.53884193 96.03436596 96.61538725 96.16883017 96.49026659 96.44449253
 96.62481391 96.79432428 96.56843448 96.50550744 96.48062257 96.24287916
 96.62879262 96.30457547 96.5077997  96.47579617 96.49374027 96.6325251
 95.73919266 96.58660692 96.35319958 96.68231195 96.32855889 96.43318121
 96.42400068 96.42919601 96.502182   96.71368917 96.47044866 96.42457759
 96.66845066 96.58892633 96.47973088 96.51656755 96.59756578 96.35830545
 96.46179047 96.40614772 96.58455752 94.90580605 96.49452805 96.49453253
 96.34348969 96.5314539  96.3755978  96.62685508 96.55509364 96.54493627
 96.79519113 96.42834439 96.51545968 96.34760446 96.20681777 96.30964483
 96.15561793 96.75617864 96.50856871 96.59659201 96.34245781 96.67083391
 96.16883017 96.50272011 96.51828273 96.71640756 96.48714937 96.47480185
 96.55502022 96.7071849  95.64041601 96.62503829 96.48251414 96.45117551
 96.33071145 96.56019227 96.43156342 96.35078094 96.58757002 96.87178831]
最小値:94.82309794038306
入力値:[17, 7]
経過時間:252.04696798324585sec
num_evaluation of BBF = 150.0
 input
[[23, 81], [33, 81], [24, 37], [12, 5], [11, 46], [32, 46], [15, 80], [13, 62], [14, 92], [5, 84], [16, 61], [0, 31], [39, 24], [38, 22], [39, 36], [1, 24], [39, 25], [24, 64], [35, 65], [18, 59], [39, 21], [11, 45], [7, 45], [39, 26], [26, 87], [21, 71], [34, 14], [0, 28], [0, 42], [0, 41], [1, 52], [38, 0], [38, 96], [0, 75], [1, 10], [39, 41], [0, 37], [38, 55], [0, 17], [39, 31], [0, 96], [0, 0], [39, 71], [39, 50], [38, 89], [39, 32], [17, 4], [39, 7], [21, 82], [39, 0], [33, 47], [39, 96], [1, 33], [17, 9], [17, 16], [17, 7], [18, 7], [16, 6], [16, 8], [16, 7], [16, 5], [16, 9], [15, 9], [3, 87], [36, 61], [39, 42], [14, 33], [33, 69], [14, 51], [10, 73], [30, 8], [4, 86], [32, 14], [17, 11], [9, 71], [25, 23], [21, 80], [4, 5], [14, 70], [30, 60], [22, 11], [34, 91], [23, 70], [28, 65], [33, 38], [33, 29], [1, 4], [5, 79], [6, 48], [21, 35], [6, 43], [34, 87], [1, 24], [38, 61], [28, 38], [19, 74], [31, 67], [26, 45], [20, 89], [38, 42], [33, 47], [20, 48], [28, 12], [23, 30], [28, 6], [31, 7], [24, 56], [10, 65], [2, 91], [21, 14], [25, 71], [17, 8], [28, 72], [18, 31], [8, 59], [6, 69], [28, 57], [2, 19], [19, 66], [12, 80], [8, 67], [4, 75], [4, 48], [10, 36], [27, 25], [8, 35], [12, 39], [36, 36], [28, 94], [30, 79], [17, 13], [2, 13], [25, 23], [37, 88], [35, 83], [4, 43], [14, 15], [22, 0], [16, 19], [34, 41], [24, 11], [31, 83], [36, 38], [29, 62], [6, 62], [27, 91], [17, 76], [3, 37], [24, 63], [12, 14], [33, 47], [20, 48], [28, 12], [23, 30], [28, 6], [31, 7], [24, 56], [10, 65], [2, 91], [21, 14], [25, 71], [4, 84], [12, 96], [23, 19], [31, 39], [4, 75], [14, 86], [1, 43], [11, 89], [20, 56], [38, 24], [9, 27], [26, 2], [29, 4], [37, 96], [24, 8], [34, 81], [37, 77], [26, 87], [27, 11], [11, 92], [38, 19], [18, 56], [18, 47], [30, 14], [35, 20], [7, 75], [11, 29], [25, 40], [0, 43], [24, 11], [31, 83], [36, 38], [29, 62], [6, 62], [27, 91], [17, 76], [3, 37], [24, 63], [12, 14]]
 output
 [96.5165672  96.49144842 96.35911989 96.70824349 96.20003577 96.60647054
 96.49608435 96.77796546 96.53839178 96.45789657 96.60839756 96.40876441
 96.07416299 96.78389522 96.63106786 96.35319958 96.09636189 96.6186554
 96.46824473 96.7257769  96.6118132  95.91071796 96.58394146 96.30880569
 96.49774168 96.47253884 96.52027301 96.26766266 95.26597958 96.39516886
 96.47467386 96.5356402  96.54533254 96.50068089 96.6664144  96.32324997
 96.37493744 96.77145533 96.86152081 96.04581903 96.54283022 96.56475317
 96.58885826 96.32115529 96.48333599 96.10877522 95.50641407 96.53736128
 96.48176755 96.54041299 96.47044866 96.54407187 96.69300249 95.49273215
 96.64758085 94.82309794 96.03970271 95.27111669 95.1297739  95.27257618
 95.97465512 95.23822762 96.34223137 96.45054031 96.34463819 96.37995451
 96.39883801 96.61634941 96.06232682 96.36722776 96.65115587 96.45267813
 96.53884193 96.03436596 96.61538725 96.16883017 96.49026659 96.44449253
 96.62481391 96.79432428 96.56843448 96.50550744 96.48062257 96.24287916
 96.62879262 96.30457547 96.5077997  96.47579617 96.49374027 96.6325251
 95.73919266 96.58660692 96.35319958 96.68231195 96.32855889 96.43318121
 96.42400068 96.42919601 96.502182   96.71368917 96.47044866 96.42457759
 96.66845066 96.58892633 96.47973088 96.51656755 96.59756578 96.35830545
 96.46179047 96.40614772 96.58455752 94.90580605 96.49452805 96.49453253
 96.34348969 96.5314539  96.3755978  96.62685508 96.55509364 96.54493627
 96.79519113 96.42834439 96.51545968 96.34760446 96.20681777 96.30964483
 96.15561793 96.75617864 96.50856871 96.59659201 96.34245781 96.67083391
 96.16883017 96.50272011 96.51828273 96.71640756 96.48714937 96.47480185
 96.55502022 96.7071849  95.64041601 96.62503829 96.48251414 96.45117551
 96.33071145 96.56019227 96.43156342 96.35078094 96.58757002 96.87178831
 96.47044866 96.42457759 96.66845066 96.58892633 96.47973088 96.51656755
 96.59756578 96.35830545 96.46179047 96.40614772 96.58455752 96.46480692
 96.53920109 96.7655571  96.36927389 96.42834439 96.5055323  96.67654821
 96.52688078 96.52076263 96.68900677 96.59819388 95.85715112 96.62352115
 96.54640062 96.89692056 96.49772828 96.48066177 96.49774168 96.20648307
 96.53417697 96.87135398 96.40196479 96.2581514  96.84022936 96.92473024
 96.42129069 96.30859245 96.67701214 94.99491661 95.64041601 96.62503829
 96.48251414 96.45117551 96.33071145 96.56019227 96.43156342 96.35078094
 96.58757002 96.87178831]
最小値:94.82309794038306
入力値:[17, 7]
経過時間:356.08759593963623sec
num_evaluation of BBF = 200.0