
BO_ratio_matrix = 
[[99.1796112 ]
 [98.34530452]
 [98.34530452]
 [97.88810741]
 [97.88810741]
 [97.88810741]]
RS_ratio_matrix = 
[[98.85508713]
 [98.85508713]
 [98.62860979]
 [98.48131423]
 [97.70447023]
 [97.70447023]]
Mean Accumulated PREC(%) 1 times; BBF=[ 15.  30.  50. 100. 150. 200.]
BO_vec=array([99.1796112 , 98.34530452, 98.34530452, 97.88810741, 97.88810741,
       97.88810741])
RS_vec=array([98.85508713, 98.85508713, 98.62860979, 98.48131423, 97.70447023,
       97.70447023])
Median Accumulated PREC(%) 1 times; BBF=[ 15.  30.  50. 100. 150. 200.]
BO_vec=array([99.1796112 , 98.34530452, 98.34530452, 97.88810741, 97.88810741,
       97.88810741])
RS_vec=array([98.85508713, 98.85508713, 98.62860979, 98.48131423, 97.70447023,
       97.70447023])
Min Accumulated PREC(%) 1 times; BBF=[ 15.  30.  50. 100. 150. 200.]
BO_vec=array([99.1796112 , 98.34530452, 98.34530452, 97.88810741, 97.88810741,
       97.88810741])
RS_vec=array([98.85508713, 98.85508713, 98.62860979, 98.48131423, 97.70447023,
       97.70447023])
Max Accumulated PREC(%) 1 times; BBF=[ 15.  30.  50. 100. 150. 200.]
BO_vec=array([99.1796112 , 98.34530452, 98.34530452, 97.88810741, 97.88810741,
       97.88810741])
RS_vec=array([98.85508713, 98.85508713, 98.62860979, 98.48131423, 97.70447023,
       97.70447023])