
 input_history 
[[0, 67], [3, 9], [19, 21], [36, 87], [6, 88], [24, 12], [1, 39], [23, 46], [24, 81], [37, 25], [13, 72], [9, 20], [16, 69], [15, 47], [0, 82]]
最小値:88.75881611922907
入力値:[24, 12]
経過時間:61.298582553863525sec
num_evaluation of BBF = 15.0
 input_history 
[[9, 20], [16, 69], [15, 47], [0, 82], [35, 88], [29, 19], [19, 14], [39, 32], [1, 9], [32, 31], [10, 23], [35, 75], [28, 34], [0, 0], [36, 53]]
最小値:88.75881611922907
入力値:[24, 12]
経過時間:61.782642126083374sec
num_evaluation of BBF = 30.0
 input_history 
[[35, 75], [28, 34], [0, 0], [36, 53], [5, 38], [17, 79], [4, 42], [31, 1], [1, 41], [35, 11], [18, 91], [0, 14], [35, 53], [12, 42], [20, 75], [4, 6], [4, 47], [3, 76], [36, 52], [14, 15]]
最小値:88.75881611922907
入力値:[24, 12]
経過時間:78.6775975227356sec
num_evaluation of BBF = 50.0
 input_history 
[[20, 75], [4, 6], [4, 47], [3, 76], [36, 52], [14, 15], [20, 58], [23, 79], [13, 85], [5, 41], [35, 64], [31, 69], [30, 0], [36, 34], [29, 3], [34, 42], [13, 21], [9, 0], [10, 43], [23, 59], [2, 62], [35, 94], [3, 82], [35, 20], [17, 50], [27, 14], [1, 36], [10, 86], [11, 2], [16, 32], [0, 38], [19, 46], [13, 30], [24, 2], [3, 94], [34, 13], [8, 19], [31, 72], [26, 66], [3, 61], [14, 96], [4, 67], [11, 86], [13, 75], [16, 24], [29, 21], [25, 80], [19, 33], [32, 70], [21, 31]]
最小値:88.75881611922907
入力値:[24, 12]
経過時間:206.72144603729248sec
num_evaluation of BBF = 100.0
 input_history 
[[2, 3], [30, 13], [8, 19], [31, 72], [26, 66], [3, 61], [14, 96], [4, 67], [11, 86], [13, 75], [16, 24], [29, 21], [25, 80], [19, 33], [32, 70], [21, 31], [13, 71], [24, 79], [18, 40], [15, 11], [38, 93], [1, 95], [24, 24], [3, 82], [3, 76], [38, 35], [22, 61], [5, 87], [32, 11], [20, 10], [37, 28], [2, 27], [19, 89], [23, 53], [20, 53], [29, 67], [35, 39], [9, 73], [23, 3], [26, 50], [3, 31], [9, 10], [27, 45], [7, 39], [21, 44], [34, 34], [24, 33], [5, 36], [0, 75], [34, 69]]
最小値:88.4050414997358
入力値:[24, 24]
経過時間:208.62038803100586sec
num_evaluation of BBF = 150.0
 input_history 
[[28, 2], [27, 83], [25, 23], [20, 53], [29, 67], [35, 39], [9, 73], [23, 3], [26, 50], [3, 31], [9, 10], [27, 45], [7, 39], [21, 44], [34, 34], [24, 33], [5, 36], [0, 75], [34, 69], [16, 62], [8, 61], [1, 81], [35, 91], [36, 48], [25, 67], [39, 35], [30, 29], [33, 18], [17, 93], [20, 2], [5, 12], [2, 91], [21, 39], [39, 75], [22, 30], [17, 70], [7, 18], [28, 43], [19, 49], [29, 46], [21, 73], [25, 96], [27, 73], [28, 81], [0, 86], [16, 36], [30, 24], [3, 51], [8, 56], [27, 93]]
最小値:88.4050414997358
入力値:[24, 24]
経過時間:203.72784686088562sec
num_evaluation of BBF = 200.0
 input_history 
[[37, 12], [8, 9], [11, 5], [15, 64], [16, 1], [12, 71], [6, 25], [20, 18], [20, 11], [28, 29], [14, 50], [4, 87], [23, 94], [32, 86], [13, 9]]
最小値:78.62740155032742
入力値:[28, 29]
経過時間:61.63445830345154sec
num_evaluation of BBF = 15.0
 input_history 
[[4, 87], [23, 94], [32, 86], [13, 9], [7, 63], [22, 57], [1, 0], [17, 8], [24, 13], [8, 30], [7, 3], [6, 21], [3, 68], [24, 43], [12, 26]]
最小値:78.62740155032742
入力値:[28, 29]
経過時間:61.17048454284668sec
num_evaluation of BBF = 30.0
 input_history 
[[30, 71], [3, 70], [21, 49], [3, 68], [24, 43], [12, 26], [16, 41], [18, 15], [0, 68], [25, 87], [7, 26], [25, 22], [9, 67], [39, 23], [36, 27], [37, 57], [19, 38], [8, 32], [34, 10], [23, 15]]
最小値:78.62740155032742
入力値:[28, 29]
経過時間:83.42161870002747sec
num_evaluation of BBF = 50.0
 input_history 
[[37, 57], [19, 38], [8, 32], [34, 10], [23, 15], [23, 25], [7, 92], [10, 62], [32, 88], [23, 55], [1, 77], [3, 0], [13, 6], [21, 70], [2, 76], [27, 21], [11, 7], [13, 72], [11, 76], [20, 30], [36, 7], [4, 57], [18, 96], [13, 10], [23, 81], [7, 24], [10, 92], [20, 32], [12, 65], [30, 60], [24, 82], [33, 2], [28, 10], [32, 82], [22, 70], [2, 71], [39, 48], [15, 5], [17, 42], [20, 48], [22, 13], [33, 53], [20, 10], [32, 55], [25, 21], [39, 96], [19, 25], [14, 13], [20, 43], [6, 77]]
最小値:78.62740155032742
入力値:[28, 29]
経過時間:205.05306696891785sec
num_evaluation of BBF = 100.0
 input_history 
[[20, 48], [22, 13], [33, 53], [20, 10], [32, 55], [25, 21], [39, 96], [19, 25], [14, 13], [20, 43], [6, 77], [15, 24], [9, 66], [7, 53], [5, 36], [37, 21], [13, 91], [13, 40], [14, 45], [23, 16], [28, 45], [3, 66], [14, 46], [0, 29], [11, 35], [29, 33], [2, 84], [19, 48], [32, 28], [18, 31], [28, 94], [10, 8], [35, 32], [8, 84], [13, 50], [15, 41], [0, 83], [24, 20], [15, 30], [27, 14], [19, 26], [22, 7], [35, 53], [34, 32], [19, 67], [24, 83], [37, 94], [38, 47], [39, 5], [15, 63]]
最小値:78.62740155032742
入力値:[28, 29]
経過時間:204.07821989059448sec
num_evaluation of BBF = 150.0
 input_history 
[[24, 20], [15, 30], [27, 14], [19, 26], [22, 7], [35, 53], [34, 32], [19, 67], [24, 83], [37, 94], [38, 47], [39, 5], [15, 63], [23, 32], [10, 66], [24, 30], [17, 68], [0, 60], [14, 17], [39, 35], [17, 28], [22, 38], [10, 77], [6, 25], [38, 48], [0, 86], [16, 19], [9, 92], [10, 68], [23, 14], [21, 46], [3, 56], [24, 80], [15, 71], [14, 77], [15, 25], [20, 58], [21, 29], [37, 22], [27, 54], [12, 12], [26, 76], [7, 87], [39, 43], [12, 38], [27, 69], [34, 33], [26, 56], [5, 73], [25, 27]]
最小値:78.62740155032742
入力値:[28, 29]
経過時間:205.75803208351135sec
num_evaluation of BBF = 200.0
 input_history 
[[15, 72], [22, 43], [18, 75], [7, 34], [31, 75], [21, 47], [31, 90], [20, 37], [39, 67], [38, 4], [39, 38], [33, 58], [3, 69], [24, 68], [6, 95]]
最小値:93.85277980692877
入力値:[39, 38]
経過時間:61.12413239479065sec
num_evaluation of BBF = 15.0
 input_history 
[[39, 38], [33, 58], [3, 69], [24, 68], [6, 95], [19, 31], [2, 80], [12, 50], [4, 90], [15, 49], [39, 46], [8, 50], [15, 8], [17, 22], [9, 57]]
最小値:90.06811993320103
入力値:[39, 46]
経過時間:61.51277160644531sec
num_evaluation of BBF = 30.0
 input_history 
[[8, 50], [15, 8], [17, 22], [9, 57], [26, 62], [19, 96], [32, 26], [8, 76], [10, 40], [34, 60], [9, 70], [22, 70], [19, 56], [18, 1], [4, 40], [17, 61], [6, 18], [20, 90], [23, 22], [37, 74]]
最小値:90.06811993320103
入力値:[39, 46]
経過時間:83.66259431838989sec
num_evaluation of BBF = 50.0
 input_history 
[[6, 19], [18, 1], [4, 40], [17, 61], [6, 18], [20, 90], [23, 22], [37, 74], [8, 90], [35, 91], [32, 16], [21, 43], [29, 80], [6, 74], [37, 59], [17, 15], [30, 77], [26, 39], [20, 22], [36, 27], [0, 62], [28, 36], [11, 50], [9, 7], [18, 1], [15, 91], [32, 49], [9, 78], [30, 95], [32, 16], [21, 43], [34, 21], [19, 92], [33, 8], [22, 88], [11, 1], [5, 59], [7, 80], [28, 79], [17, 37], [31, 34], [16, 42], [36, 22], [19, 95], [17, 45], [8, 37], [9, 21], [36, 39], [39, 83], [26, 36]]
最小値:89.79069383584363
入力値:[9, 7]
経過時間:204.54319739341736sec
num_evaluation of BBF = 100.0
 input_history 
[[19, 92], [33, 8], [22, 88], [11, 1], [5, 59], [7, 80], [28, 79], [17, 37], [31, 34], [16, 42], [36, 22], [19, 95], [17, 45], [8, 37], [9, 21], [36, 39], [39, 83], [26, 36], [38, 19], [8, 78], [27, 67], [15, 2], [22, 5], [5, 82], [37, 93], [12, 92], [6, 44], [5, 16], [5, 52], [26, 83], [39, 25], [36, 15], [21, 18], [22, 93], [14, 64], [5, 87], [33, 71], [32, 82], [29, 79], [28, 20], [26, 80], [6, 38], [24, 6], [21, 85], [36, 63], [19, 4], [34, 76], [15, 39], [21, 1], [28, 23]]
最小値:86.6849968829778
入力値:[28, 23]
経過時間:206.13299417495728sec
num_evaluation of BBF = 150.0
 input_history 
[[33, 71], [32, 82], [29, 79], [28, 20], [26, 80], [6, 38], [24, 6], [21, 85], [36, 63], [19, 4], [34, 76], [15, 39], [21, 1], [28, 23], [36, 81], [18, 92], [27, 38], [10, 26], [33, 2], [38, 96], [21, 76], [19, 53], [18, 8], [11, 41], [23, 27], [16, 4], [12, 61], [34, 23], [19, 31], [17, 89], [9, 59], [0, 8], [10, 8], [37, 46], [35, 78], [15, 54], [6, 95], [29, 34], [33, 13], [12, 47], [19, 58], [2, 31], [35, 50], [26, 10], [27, 42], [35, 42], [3, 93], [0, 5], [10, 11], [30, 81]]
最小値:86.6849968829778
入力値:[28, 23]
経過時間:205.81006455421448sec
num_evaluation of BBF = 200.0
 input_history 
[[24, 3], [8, 0], [21, 19], [10, 41], [10, 21], [38, 96], [20, 44], [29, 39], [14, 26], [17, 90], [22, 66], [2, 63], [1, 51], [26, 69], [33, 29]]
最小値:94.96302955602542
入力値:[21, 19]
経過時間:60.955071449279785sec
num_evaluation of BBF = 15.0
 input_history 
[[2, 63], [1, 51], [26, 69], [33, 29], [24, 62], [7, 43], [33, 79], [37, 20], [30, 49], [21, 78], [28, 54], [0, 64], [18, 63], [37, 56], [7, 37]]
最小値:92.07874149815987
入力値:[30, 49]
経過時間:62.76925325393677sec
num_evaluation of BBF = 30.0
 input_history 
[[28, 54], [0, 64], [18, 63], [37, 56], [7, 37], [33, 1], [21, 74], [36, 91], [16, 80], [32, 16], [18, 75], [32, 95], [13, 37], [30, 48], [33, 52], [2, 28], [36, 90], [10, 54], [36, 91], [21, 56]]
最小値:92.07874149815987
入力値:[30, 49]
経過時間:82.09801626205444sec
num_evaluation of BBF = 50.0
 input_history 
[[37, 30], [33, 52], [2, 28], [36, 90], [10, 54], [36, 91], [21, 56], [39, 29], [32, 48], [9, 33], [24, 55], [11, 84], [10, 80], [12, 68], [19, 16], [34, 39], [1, 35], [1, 18], [2, 87], [35, 20], [17, 22], [28, 7], [33, 43], [32, 92], [16, 27], [8, 20], [8, 24], [14, 76], [19, 9], [26, 50], [5, 84], [31, 81], [9, 32], [13, 44], [7, 92], [36, 42], [8, 26], [24, 20], [30, 17], [32, 53], [22, 39], [31, 32], [23, 88], [33, 85], [26, 79], [28, 11], [17, 51], [7, 13], [31, 68], [30, 63]]
最小値:83.13483383330805
入力値:[34, 39]
経過時間:205.99103665351868sec
num_evaluation of BBF = 100.0
 input_history 
[[17, 9], [32, 13], [7, 92], [36, 42], [8, 26], [24, 20], [30, 17], [32, 53], [22, 39], [31, 32], [23, 88], [33, 85], [26, 79], [28, 11], [17, 51], [7, 13], [31, 68], [30, 63], [13, 77], [32, 88], [36, 55], [21, 70], [23, 92], [12, 28], [10, 11], [35, 85], [28, 49], [8, 89], [34, 11], [25, 89], [4, 85], [29, 0], [30, 45], [7, 21], [34, 29], [7, 94], [30, 76], [11, 39], [39, 44], [21, 94], [7, 92], [34, 15], [22, 45], [36, 40], [26, 52], [9, 19], [5, 54], [12, 26], [35, 24], [34, 43]]
最小値:83.13483383330805
入力値:[34, 39]
経過時間:206.19900727272034sec
num_evaluation of BBF = 150.0
 input_history 
[[7, 94], [30, 76], [11, 39], [39, 44], [21, 94], [7, 92], [34, 15], [22, 45], [36, 40], [26, 52], [9, 19], [5, 54], [12, 26], [35, 24], [34, 43], [23, 50], [18, 64], [7, 90], [32, 78], [19, 26], [3, 37], [21, 23], [12, 18], [34, 92], [6, 70], [19, 60], [13, 39], [0, 60], [12, 40], [4, 42], [36, 58], [30, 21], [0, 35], [13, 21], [4, 93], [5, 41], [6, 91], [32, 65], [31, 71], [32, 67], [23, 25], [26, 78], [37, 22], [12, 11], [30, 79], [3, 70], [14, 75], [5, 86], [15, 80], [34, 65]]
最小値:83.13483383330805
入力値:[34, 39]
経過時間:206.13116836547852sec
num_evaluation of BBF = 200.0
 input_history 
[[5, 1], [23, 72], [9, 58], [39, 94], [36, 50], [38, 52], [3, 0], [21, 21], [9, 38], [38, 56], [2, 46], [30, 8], [2, 58], [23, 32], [33, 32]]
最小値:90.89530514728833
入力値:[2, 46]
経過時間:61.82724857330322sec
num_evaluation of BBF = 15.0
 input_history 
[[21, 73], [38, 56], [2, 46], [30, 8], [2, 58], [23, 32], [33, 32], [28, 3], [15, 95], [17, 81], [25, 73], [12, 23], [30, 22], [3, 62], [11, 23]]
最小値:90.89530514728833
入力値:[2, 46]
経過時間:61.2898907661438sec
num_evaluation of BBF = 30.0
 input_history 
[[31, 57], [17, 81], [25, 73], [12, 23], [30, 22], [3, 62], [11, 23], [6, 71], [9, 82], [21, 94], [15, 36], [27, 59], [8, 37], [8, 59], [39, 96], [30, 4], [11, 8], [36, 31], [17, 78], [9, 53]]
最小値:90.89530514728833
入力値:[2, 46]
経過時間:81.79284405708313sec
num_evaluation of BBF = 50.0
 input_history 
[[8, 37], [8, 59], [39, 96], [30, 4], [11, 8], [36, 31], [17, 78], [9, 53], [4, 62], [3, 4], [39, 54], [6, 40], [32, 67], [22, 17], [27, 60], [22, 15], [13, 0], [10, 7], [38, 79], [0, 87], [33, 46], [31, 35], [30, 65], [3, 86], [10, 20], [16, 7], [10, 41], [22, 15], [3, 74], [34, 23], [38, 7], [28, 75], [0, 37], [32, 25], [37, 5], [9, 74], [24, 29], [29, 36], [2, 19], [16, 22], [28, 76], [16, 51], [12, 76], [27, 40], [38, 79], [26, 51], [7, 27], [25, 77], [4, 3], [12, 96]]
最小値:89.18931504190554
入力値:[10, 7]
経過時間:206.0663435459137sec
num_evaluation of BBF = 100.0
 input_history 
[[38, 7], [28, 75], [0, 37], [32, 25], [37, 5], [9, 74], [24, 29], [29, 36], [2, 19], [16, 22], [28, 76], [16, 51], [12, 76], [27, 40], [38, 79], [26, 51], [7, 27], [25, 77], [4, 3], [12, 96], [26, 70], [17, 57], [35, 81], [15, 79], [35, 34], [28, 76], [26, 53], [2, 23], [15, 21], [37, 90], [9, 89], [8, 62], [29, 53], [20, 54], [2, 82], [1, 19], [31, 20], [23, 19], [37, 78], [13, 49], [37, 4], [19, 57], [15, 37], [30, 54], [29, 80], [37, 29], [2, 28], [32, 95], [5, 5], [7, 8]]
最小値:86.28350414748544
入力値:[23, 19]
経過時間:204.58808040618896sec
num_evaluation of BBF = 150.0
 input_history 
[[18, 65], [19, 55], [31, 20], [23, 19], [37, 78], [13, 49], [37, 4], [19, 57], [15, 37], [30, 54], [29, 80], [37, 29], [2, 28], [32, 95], [5, 5], [7, 8], [31, 41], [16, 19], [7, 48], [20, 39], [7, 75], [17, 67], [39, 76], [37, 30], [1, 31], [5, 28], [27, 89], [3, 79], [28, 16], [9, 87], [22, 39], [15, 27], [35, 58], [26, 71], [2, 7], [11, 41], [2, 94], [9, 22], [24, 23], [5, 40], [33, 93], [34, 3], [16, 85], [38, 45], [0, 89], [5, 21], [19, 21], [28, 10], [31, 41], [12, 65]]
最小値:86.28350414748544
入力値:[23, 19]
経過時間:205.68904852867126sec
num_evaluation of BBF = 200.0
 input_history 
[[35, 78], [38, 16], [9, 8], [36, 62], [27, 30], [16, 7], [12, 15], [39, 80], [27, 44], [13, 75], [1, 47], [30, 84], [22, 18], [9, 41], [1, 82]]
最小値:89.70369328194056
入力値:[9, 8]
経過時間:62.77628564834595sec
num_evaluation of BBF = 15.0
 input_history 
[[20, 86], [18, 9], [1, 82], [39, 16], [14, 5], [0, 80], [4, 36], [27, 31], [2, 68], [38, 83], [19, 18], [7, 30], [11, 67], [1, 55], [3, 91]]
最小値:89.70369328194056
入力値:[9, 8]
経過時間:62.183112382888794sec
num_evaluation of BBF = 30.0
 input_history 
[[19, 19], [18, 7], [36, 30], [11, 67], [1, 55], [3, 91], [14, 27], [29, 33], [25, 85], [7, 16], [30, 14], [26, 31], [9, 38], [16, 5], [34, 45], [24, 13], [31, 32], [12, 44], [5, 14], [30, 82]]
最小値:89.70369328194056
入力値:[9, 8]
経過時間:81.58112359046936sec
num_evaluation of BBF = 50.0
 input_history 
[[24, 13], [31, 32], [12, 44], [5, 14], [30, 82], [0, 7], [22, 16], [0, 8], [26, 44], [37, 94], [11, 5], [22, 52], [5, 82], [27, 29], [24, 92], [15, 70], [35, 20], [8, 32], [18, 13], [28, 18], [17, 22], [19, 92], [19, 49], [4, 82], [36, 41], [20, 32], [10, 31], [15, 22], [6, 9], [30, 14], [2, 57], [19, 64], [8, 8], [7, 12], [20, 59], [8, 74], [22, 72], [32, 15], [5, 35], [36, 0], [2, 2], [27, 65], [23, 1], [23, 50], [22, 19], [24, 64], [13, 73], [1, 9], [0, 23], [39, 68]]
最小値:89.70369328194056
入力値:[9, 8]
経過時間:205.71857142448425sec
num_evaluation of BBF = 100.0
 input_history 
[[8, 32], [15, 69], [35, 62], [36, 0], [2, 2], [27, 65], [23, 1], [23, 50], [22, 19], [24, 64], [13, 73], [1, 9], [0, 23], [39, 68], [17, 91], [36, 87], [5, 36], [18, 34], [30, 77], [33, 35], [29, 1], [18, 20], [0, 34], [14, 51], [30, 40], [10, 69], [15, 53], [19, 46], [26, 85], [25, 57], [37, 17], [30, 64], [28, 8], [14, 64], [31, 45], [5, 26], [19, 28], [11, 35], [19, 55], [3, 23], [3, 95], [2, 54], [29, 38], [18, 71], [0, 35], [37, 1], [30, 91], [31, 93], [6, 7], [35, 78]]
最小値:89.70369328194056
入力値:[9, 8]
経過時間:208.5349247455597sec
num_evaluation of BBF = 150.0
 input_history 
[[19, 55], [3, 23], [3, 95], [2, 54], [29, 38], [18, 71], [0, 35], [37, 1], [30, 91], [31, 93], [6, 7], [35, 78], [9, 7], [25, 90], [39, 54], [31, 14], [4, 85], [10, 68], [32, 81], [37, 67], [15, 17], [23, 11], [30, 26], [8, 51], [20, 52], [10, 25], [9, 31], [39, 59], [22, 80], [15, 15], [31, 77], [17, 57], [19, 45], [28, 83], [21, 16], [32, 26], [30, 30], [29, 78], [14, 8], [17, 40], [10, 6], [9, 54], [29, 33], [24, 18], [20, 46], [25, 5], [12, 45], [15, 24], [38, 12], [1, 5]]
最小値:87.70209394207254
入力値:[23, 11]
経過時間:205.09677267074585sec
num_evaluation of BBF = 200.0
 input_history 
[[10, 73], [35, 84], [15, 80], [25, 1], [11, 77], [26, 33], [4, 33], [8, 2], [12, 84], [27, 31], [2, 5], [26, 15], [25, 86], [5, 49], [4, 62]]
最小値:89.27591541699559
入力値:[26, 15]
経過時間:61.846426486968994sec
num_evaluation of BBF = 15.0
 input_history 
[[26, 15], [25, 86], [5, 49], [4, 62], [16, 66], [2, 63], [19, 85], [28, 43], [5, 50], [26, 78], [5, 70], [26, 63], [10, 67], [21, 11], [1, 82]]
最小値:89.27591541699559
入力値:[26, 15]
経過時間:62.1833872795105sec
num_evaluation of BBF = 30.0
 input_history 
[[5, 70], [26, 63], [10, 67], [21, 11], [1, 82], [35, 22], [24, 48], [3, 7], [36, 75], [33, 76], [4, 33], [15, 69], [21, 70], [1, 9], [37, 42], [13, 73], [1, 63], [18, 66], [25, 21], [12, 68]]
最小値:89.27591541699559
入力値:[26, 15]
経過時間:81.35491728782654sec
num_evaluation of BBF = 50.0
 input_history 
[[37, 42], [13, 73], [1, 63], [18, 66], [25, 21], [12, 68], [29, 14], [22, 3], [33, 36], [24, 60], [14, 74], [20, 82], [6, 28], [5, 34], [27, 28], [12, 55], [28, 78], [21, 63], [1, 17], [27, 7], [21, 50], [24, 95], [13, 39], [16, 76], [15, 57], [18, 32], [12, 46], [23, 22], [39, 91], [37, 33], [24, 41], [27, 90], [22, 51], [31, 71], [7, 5], [3, 72], [15, 39], [35, 42], [5, 57], [35, 96], [23, 87], [31, 16], [35, 69], [35, 2], [35, 14], [20, 29], [0, 72], [38, 62], [35, 18], [33, 86]]
最小値:89.27591541699559
入力値:[26, 15]
経過時間:206.95266938209534sec
num_evaluation of BBF = 100.0
 input_history 
[[5, 67], [8, 79], [39, 42], [5, 57], [35, 96], [23, 87], [31, 16], [35, 69], [35, 2], [35, 14], [20, 29], [0, 72], [38, 62], [35, 18], [33, 86], [8, 88], [9, 32], [7, 16], [37, 46], [25, 44], [37, 73], [1, 65], [25, 25], [37, 91], [22, 84], [10, 16], [4, 54], [31, 66], [12, 49], [14, 94], [26, 64], [27, 2], [2, 85], [0, 39], [11, 86], [38, 42], [16, 9], [21, 29], [36, 63], [31, 58], [24, 66], [27, 20], [34, 41], [36, 63], [5, 26], [39, 86], [33, 33], [38, 58], [24, 33], [5, 41]]
最小値:81.96942811394464
入力値:[25, 25]
経過時間:203.44308519363403sec
num_evaluation of BBF = 150.0
 input_history 
[[36, 63], [31, 58], [24, 66], [27, 20], [34, 41], [36, 63], [5, 26], [39, 86], [33, 33], [38, 58], [24, 33], [5, 41], [28, 13], [29, 2], [18, 11], [20, 58], [39, 33], [21, 67], [31, 68], [21, 6], [8, 53], [29, 23], [32, 3], [34, 7], [22, 0], [37, 46], [14, 24], [29, 40], [24, 70], [33, 5], [11, 42], [11, 44], [1, 7], [7, 96], [5, 63], [5, 8], [10, 3], [36, 39], [2, 42], [22, 81], [19, 83], [18, 77], [1, 96], [5, 44], [35, 20], [16, 84], [8, 82], [20, 19], [27, 5], [20, 60]]
最小値:81.96942811394464
入力値:[25, 25]
経過時間:206.60469937324524sec
num_evaluation of BBF = 200.0
 input_history 
[[4, 25], [3, 83], [23, 92], [14, 23], [8, 89], [26, 8], [39, 68], [7, 44], [0, 75], [6, 19], [5, 56], [24, 55], [0, 34], [9, 78], [38, 4]]
最小値:93.4047507127699
入力値:[7, 44]
経過時間:61.33688974380493sec
num_evaluation of BBF = 15.0
 input_history 
[[19, 60], [5, 56], [24, 55], [0, 34], [9, 78], [38, 4], [9, 87], [35, 67], [8, 83], [1, 64], [16, 31], [29, 44], [28, 71], [23, 10], [35, 64]]
最小値:86.77399148717383
入力値:[23, 10]
経過時間:61.495726346969604sec
num_evaluation of BBF = 30.0
 input_history 
[[31, 93], [28, 71], [23, 10], [35, 64], [7, 23], [28, 96], [21, 35], [33, 67], [27, 19], [27, 4], [19, 33], [30, 57], [37, 73], [29, 81], [31, 2], [19, 50], [18, 21], [3, 75], [16, 12], [29, 9]]
最小値:86.77399148717383
入力値:[23, 10]
経過時間:82.72341918945312sec
num_evaluation of BBF = 50.0
 input_history 
[[2, 83], [18, 21], [3, 75], [16, 12], [29, 9], [12, 67], [14, 20], [15, 59], [35, 48], [4, 43], [8, 90], [23, 77], [39, 3], [29, 12], [12, 79], [29, 8], [38, 70], [21, 44], [27, 7], [17, 69], [36, 52], [29, 26], [0, 62], [22, 12], [6, 34], [29, 17], [5, 79], [12, 92], [37, 73], [23, 21], [4, 91], [12, 75], [6, 85], [21, 30], [28, 56], [12, 76], [36, 71], [21, 58], [38, 15], [18, 63], [28, 16], [5, 35], [13, 32], [23, 95], [33, 45], [27, 14], [32, 34], [31, 55], [38, 18], [9, 73]]
最小値:86.77399148717383
入力値:[23, 10]
経過時間:209.31504344940186sec
num_evaluation of BBF = 100.0
 input_history 
[[11, 6], [33, 85], [21, 30], [28, 56], [12, 76], [36, 71], [21, 58], [38, 15], [18, 63], [28, 16], [5, 35], [13, 32], [23, 95], [33, 45], [27, 14], [32, 34], [31, 55], [38, 18], [9, 73], [13, 85], [1, 31], [14, 80], [25, 33], [21, 83], [18, 64], [13, 58], [10, 52], [27, 28], [8, 89], [28, 7], [15, 0], [18, 48], [0, 44], [9, 46], [34, 48], [5, 21], [16, 11], [32, 40], [36, 69], [28, 93], [31, 7], [28, 58], [14, 47], [13, 83], [13, 24], [3, 7], [32, 33], [11, 91], [4, 95], [30, 78]]
最小値:86.1775644279665
入力値:[25, 33]
経過時間:205.40328311920166sec
num_evaluation of BBF = 150.0
 input_history 
[[0, 44], [9, 46], [34, 48], [5, 21], [16, 11], [32, 40], [36, 69], [28, 93], [31, 7], [28, 58], [14, 47], [13, 83], [13, 24], [3, 7], [32, 33], [11, 91], [4, 95], [30, 78], [12, 16], [26, 96], [33, 8], [30, 79], [22, 56], [34, 12], [4, 44], [20, 43], [18, 56], [21, 50], [22, 18], [5, 5], [5, 70], [31, 29], [16, 42], [4, 77], [2, 12], [24, 91], [16, 5], [29, 73], [39, 78], [6, 62], [2, 37], [22, 46], [9, 35], [15, 20], [32, 21], [6, 84], [0, 84], [33, 21], [2, 11], [11, 36]]
最小値:86.1775644279665
入力値:[25, 33]
経過時間:203.51951932907104sec
num_evaluation of BBF = 200.0
 input_history 
[[3, 84], [5, 90], [8, 83], [21, 60], [10, 27], [13, 9], [15, 93], [34, 59], [18, 14], [38, 93], [9, 51], [4, 53], [7, 59], [26, 66], [38, 9]]
最小値:93.03314246786405
入力値:[18, 14]
経過時間:61.83151936531067sec
num_evaluation of BBF = 15.0
 input_history 
[[9, 51], [4, 53], [7, 59], [26, 66], [38, 9], [37, 81], [15, 92], [27, 63], [22, 31], [20, 45], [21, 72], [28, 28], [31, 47], [10, 64], [7, 45]]
最小値:81.22836479726294
入力値:[28, 28]
経過時間:62.23325848579407sec
num_evaluation of BBF = 30.0
 input_history 
[[28, 28], [31, 47], [10, 64], [7, 45], [2, 38], [7, 95], [36, 89], [38, 91], [4, 37], [2, 82], [38, 54], [22, 39], [6, 95], [32, 73], [34, 7], [9, 42], [19, 59], [9, 16], [14, 55], [20, 87]]
最小値:81.22836479726294
入力値:[28, 28]
経過時間:82.38096761703491sec
num_evaluation of BBF = 50.0
 input_history 
[[38, 42], [19, 59], [9, 16], [14, 55], [20, 87], [34, 24], [6, 28], [5, 66], [19, 75], [11, 46], [28, 72], [25, 14], [39, 15], [19, 58], [15, 28], [35, 32], [16, 74], [33, 66], [6, 62], [7, 83], [8, 34], [22, 76], [28, 85], [35, 29], [29, 64], [6, 39], [24, 32], [24, 79], [14, 77], [21, 60], [10, 2], [29, 94], [2, 12], [34, 71], [7, 71], [10, 35], [15, 52], [17, 70], [19, 48], [4, 40], [4, 86], [34, 67], [37, 29], [10, 46], [25, 6], [26, 76], [10, 58], [28, 50], [12, 86], [27, 81]]
最小値:81.22836479726294
入力値:[28, 28]
経過時間:206.11065459251404sec
num_evaluation of BBF = 100.0
 input_history 
[[7, 54], [10, 35], [15, 52], [17, 70], [19, 48], [4, 40], [4, 86], [34, 67], [37, 29], [10, 46], [25, 6], [26, 76], [10, 58], [28, 50], [12, 86], [27, 81], [17, 73], [19, 47], [28, 96], [34, 24], [0, 81], [34, 39], [12, 85], [33, 65], [6, 57], [24, 32], [21, 36], [8, 17], [22, 0], [6, 20], [5, 45], [1, 81], [14, 33], [18, 83], [38, 15], [19, 14], [20, 42], [16, 84], [23, 6], [23, 8], [6, 90], [18, 77], [1, 11], [13, 4], [20, 26], [21, 42], [21, 12], [26, 75], [38, 84], [7, 28]]
最小値:81.22836479726294
入力値:[28, 28]
経過時間:205.7796230316162sec
num_evaluation of BBF = 150.0
 input_history 
[[20, 42], [16, 84], [23, 6], [23, 8], [6, 90], [18, 77], [1, 11], [13, 4], [20, 26], [21, 42], [21, 12], [26, 75], [38, 84], [7, 28], [31, 50], [29, 19], [31, 1], [4, 29], [2, 94], [9, 93], [35, 45], [34, 61], [32, 88], [36, 35], [17, 9], [24, 65], [37, 6], [10, 75], [2, 90], [33, 60], [17, 12], [0, 22], [18, 70], [36, 85], [4, 13], [3, 32], [33, 83], [5, 2], [21, 27], [3, 69], [9, 78], [7, 1], [28, 77], [28, 74], [7, 63], [19, 40], [34, 69], [10, 54], [39, 86], [22, 73]]
最小値:81.22836479726294
入力値:[28, 28]
経過時間:227.8225495815277sec
num_evaluation of BBF = 200.0
 input_history 
[[28, 54], [22, 65], [22, 52], [27, 33], [29, 92], [0, 60], [24, 74], [29, 62], [12, 18], [22, 56], [1, 56], [35, 11], [37, 19], [38, 9], [16, 56]]
最小値:94.54927598521783
入力値:[38, 9]
経過時間:63.50249743461609sec
num_evaluation of BBF = 15.0
 input_history 
[[12, 18], [22, 56], [1, 56], [35, 11], [37, 19], [38, 9], [16, 56], [13, 59], [33, 77], [29, 54], [22, 50], [4, 52], [0, 74], [16, 4], [5, 24]]
最小値:94.44164123565537
入力値:[4, 52]
経過時間:62.39902114868164sec
num_evaluation of BBF = 30.0
 input_history 
[[22, 50], [4, 52], [0, 74], [16, 4], [5, 24], [19, 30], [4, 72], [0, 1], [34, 91], [13, 71], [15, 46], [38, 66], [29, 50], [34, 61], [19, 41], [19, 48], [17, 96], [34, 16], [36, 42], [14, 75]]
最小値:92.39351560179688
入力値:[34, 16]
経過時間:99.00355577468872sec
num_evaluation of BBF = 50.0
 input_history 
[[38, 66], [29, 50], [34, 61], [19, 41], [19, 48], [17, 96], [34, 16], [36, 42], [14, 75], [29, 71], [27, 32], [18, 36], [27, 64], [1, 87], [33, 86], [18, 85], [32, 16], [21, 83], [23, 94], [12, 79], [11, 22], [2, 76], [21, 48], [21, 18], [10, 22], [29, 62], [1, 70], [33, 88], [24, 40], [17, 7], [0, 45], [33, 58], [35, 86], [34, 16], [23, 61], [36, 40], [18, 84], [10, 43], [8, 33], [22, 43], [19, 85], [25, 2], [7, 49], [9, 67], [4, 82], [35, 10], [3, 29], [34, 10], [14, 11], [6, 51]]
最小値:92.32636080448401
入力値:[32, 16]
経過時間:230.16660857200623sec
num_evaluation of BBF = 100.0
 input_history 
[[18, 84], [10, 43], [8, 33], [22, 43], [19, 85], [25, 2], [7, 49], [9, 67], [4, 82], [35, 10], [3, 29], [34, 10], [14, 11], [6, 51], [15, 29], [33, 93], [34, 52], [25, 70], [15, 47], [28, 85], [33, 35], [22, 10], [13, 21], [2, 26], [25, 63], [21, 30], [28, 82], [9, 40], [29, 50], [0, 55], [12, 74], [9, 2], [23, 36], [18, 79], [7, 35], [9, 16], [20, 16], [3, 3], [27, 6], [20, 45], [30, 8], [9, 78], [16, 77], [9, 14], [4, 84], [11, 80], [27, 59], [26, 40], [22, 5], [26, 23]]
最小値:80.29772876339892
入力値:[22, 10]
経過時間:219.39343118667603sec
num_evaluation of BBF = 150.0
 input_history 
[[35, 73], [16, 48], [20, 16], [3, 3], [27, 6], [20, 45], [30, 8], [9, 78], [16, 77], [9, 14], [4, 84], [11, 80], [27, 59], [26, 40], [22, 5], [26, 23], [3, 94], [29, 6], [5, 54], [22, 71], [12, 49], [6, 55], [36, 69], [3, 63], [32, 92], [35, 50], [16, 12], [26, 70], [14, 23], [24, 25], [2, 28], [17, 70], [36, 40], [21, 83], [27, 35], [7, 51], [14, 29], [17, 43], [16, 1], [15, 79], [9, 61], [38, 78], [6, 37], [26, 8], [30, 94], [11, 7], [35, 84], [18, 43], [7, 12], [32, 8]]
最小値:80.29772876339892
入力値:[22, 10]
経過時間:212.65484929084778sec
num_evaluation of BBF = 200.0