
BO_ratio_matrix = 
[[93.42633791 95.17666324 91.48244446 97.00931462 84.84374594 93.95095841
  96.72182931 93.08500241 93.95095841 91.62780709]
 [91.07806202 94.21745454 91.48244446 91.6162344  84.84374594 92.40325048
  94.8848991  90.24656412 92.93971706 90.18527672]
 [91.07806202 90.14119241 91.48244446 85.86703225 84.84374594 92.40325048
  91.6162344  89.48695487 92.69303865 82.68951903]
 [90.85115435 90.14119241 81.16891027 85.86703225 84.84374594 90.620428
  84.61896266 88.96312045 82.89322822 82.68951903]
 [86.1506015  90.14119241 81.16891027 85.86703225 84.84374594 90.620428
  84.61896266 86.5476534  82.89322822 82.68951903]
 [86.1506015  90.14119241 81.16891027 85.86703225 84.84374594 89.57882608
  84.61896266 82.68951903 82.89322822 82.68951903]]
RS_ratio_matrix = 
[[91.62780709 81.16891027 96.88642525 98.0325621  93.83335481 92.60322594
  92.16162082 96.42391431 96.04029441 97.60543459]
 [91.62780709 81.16891027 92.97943212 95.05504391 93.83335481 92.60322594
  92.16162082 89.57882608 83.85394562 97.49432071]
 [91.62780709 81.16891027 92.97943212 95.05504391 93.83335481 92.60322594
  92.16162082 89.57882608 83.85394562 95.37999259]
 [91.62780709 81.16891027 92.69303865 85.82203831 92.07222122 92.60322594
  92.16162082 89.57882608 83.85394562 95.31066712]
 [91.26259726 81.16891027 89.48695487 85.82203831 89.0724845  92.60322594
  84.61896266 88.96312045 83.85394562 82.89322822]
 [91.26259726 81.16891027 89.48695487 85.82203831 89.0724845  90.53692801
  84.61896266 88.96312045 83.85394562 82.89322822]]
Mean Accumulated PREC(%) 10 times; BBF=[ 15.  30.  50. 100. 150. 200.]
BO_vec=array([93.12750618, 91.38976488, 89.23014745, 86.26572936, 85.55412737,
       85.06415374])
RS_vec=array([93.63835496, 91.03564874, 90.82421593, 89.68923011, 86.97454681,
       86.76791702])
Median Accumulated PREC(%) 10 times; BBF=[ 15.  30.  50. 100. 150. 200.]
BO_vec=array([93.68864816, 91.54933943, 90.60962722, 85.3553891 , 85.3553891 ,
       84.7313543 ])
RS_vec=array([94.93682461, 92.38242338, 92.38242338, 91.85001416, 87.39257938,
       87.39257938])
Min Accumulated PREC(%) 10 times; BBF=[ 15.  30.  50. 100. 150. 200.]
BO_vec=array([84.84374594, 84.84374594, 82.68951903, 81.16891027, 81.16891027,
       81.16891027])
RS_vec=array([81.16891027, 81.16891027, 81.16891027, 81.16891027, 81.16891027,
       81.16891027])
Max Accumulated PREC(%) 10 times; BBF=[ 15.  30.  50. 100. 150. 200.]
BO_vec=array([97.00931462, 94.8848991 , 92.69303865, 90.85115435, 90.620428  ,
       90.14119241])
RS_vec=array([98.0325621 , 97.49432071, 95.37999259, 95.31066712, 92.60322594,
       91.26259726])