
 input
[[23, 81], [33, 81], [24, 37], [12, 5], [11, 46], [32, 46], [15, 80], [13, 62], [14, 92], [5, 84], [38, 39], [26, 43], [38, 0], [20, 25], [20, 11]]
 output
 [ 96.59380946  96.44937791  95.78129161  96.0128734   96.4534558
  96.02565964  96.57588097  96.32682662  96.38141761  96.89912151
  96.5618449   96.34689552  96.79649781  95.90463886 100.86551976]
最小値:95.78129161400065
入力値:[24, 37]
経過時間:65.87865471839905sec
num_evaluation of BBF = 15.0
 input
[[23, 81], [33, 81], [24, 37], [12, 5], [11, 46], [32, 46], [15, 80], [13, 62], [14, 92], [5, 84], [38, 39], [26, 43], [38, 0], [20, 25], [20, 11], [10, 34], [0, 22], [39, 51], [39, 56], [39, 73], [38, 68], [39, 28], [0, 27], [39, 24], [0, 3], [0, 37], [39, 36], [39, 26], [39, 30], [39, 96]]
 output
 [ 96.59380946  96.44937791  95.78129161  96.0128734   96.4534558
  96.02565964  96.57588097  96.32682662  96.38141761  96.89912151
  96.5618449   96.34689552  96.79649781  95.90463886 100.86551976
  96.57897452  96.16416345  96.1169712   96.56459494  96.11077283
  96.51459939  95.80033539  96.92253286  96.02088027  96.59657296
  96.31318411  96.1610596   96.1311742   96.56401309  96.51042275]
最小値:95.78129161400065
入力値:[24, 37]
経過時間:69.91870522499084sec
num_evaluation of BBF = 30.0
 input
[[23, 81], [33, 81], [24, 37], [12, 5], [11, 46], [32, 46], [15, 80], [13, 62], [14, 92], [5, 84], [38, 39], [26, 43], [38, 0], [20, 25], [20, 11], [10, 34], [0, 22], [39, 51], [39, 56], [39, 73], [38, 68], [39, 28], [0, 27], [39, 24], [0, 3], [0, 37], [39, 36], [39, 26], [39, 30], [39, 96], [39, 76], [0, 75], [39, 49], [0, 50], [39, 89], [0, 49], [0, 65], [0, 59], [29, 47], [0, 71], [0, 52], [1, 77], [16, 29], [39, 20], [39, 22], [6, 25], [1, 63], [27, 47], [0, 19], [39, 18]]
 output
 [ 96.59380946  96.44937791  95.78129161  96.0128734   96.4534558
  96.02565964  96.57588097  96.32682662  96.38141761  96.89912151
  96.5618449   96.34689552  96.79649781  95.90463886 100.86551976
  96.57897452  96.16416345  96.1169712   96.56459494  96.11077283
  96.51459939  95.80033539  96.92253286  96.02088027  96.59657296
  96.31318411  96.1610596   96.1311742   96.56401309  96.51042275
  95.97146912  95.89057911  95.91126867  95.84800939  96.87388406
  95.63530616  96.80847226  96.41990524  96.43550386  96.34134132
  96.44688102  96.04174196  96.68884724  95.99264919  96.58517301
  96.71665105  96.52484387  96.21637926  95.78752886  95.99672763]
最小値:95.63530615607499
入力値:[0, 49]
経過時間:104.09799909591675sec
num_evaluation of BBF = 50.0
 input
[[23, 81], [33, 81], [24, 37], [12, 5], [11, 46], [32, 46], [15, 80], [13, 62], [14, 92], [5, 84], [38, 39], [26, 43], [38, 0], [20, 25], [20, 11], [10, 34], [0, 22], [39, 51], [39, 56], [39, 73], [38, 68], [39, 28], [0, 27], [39, 24], [0, 3], [0, 37], [39, 36], [39, 26], [39, 30], [39, 96], [39, 76], [0, 75], [39, 49], [0, 50], [39, 89], [0, 49], [0, 65], [0, 59], [29, 47], [0, 71], [0, 52], [1, 77], [16, 29], [39, 20], [39, 22], [6, 25], [1, 63], [27, 47], [0, 19], [39, 18], [33, 47], [20, 48], [28, 12], [39, 75], [1, 18], [1, 17], [22, 31], [22, 27], [9, 5], [0, 45], [26, 32], [1, 74], [14, 0], [20, 32], [23, 44], [24, 30], [12, 13], [2, 48], [4, 49], [32, 14], [31, 40], [32, 35], [30, 33], [32, 40], [0, 96], [25, 96], [28, 64], [19, 61], [9, 96], [31, 96], [39, 36], [8, 59], [9, 9], [20, 96], [0, 0], [39, 1], [0, 94], [26, 72], [11, 73], [31, 0], [33, 62], [14, 49], [0, 87], [38, 96], [39, 85], [1, 96], [38, 58], [39, 84], [39, 68], [9, 10]]
 output
 [ 96.59380946  96.44937791  95.78129161  96.0128734   96.4534558
  96.02565964  96.57588097  96.32682662  96.38141761  96.89912151
  96.5618449   96.34689552  96.79649781  95.90463886 100.86551976
  96.57897452  96.16416345  96.1169712   96.56459494  96.11077283
  96.51459939  95.80033539  96.92253286  96.02088027  96.59657296
  96.31318411  96.1610596   96.1311742   96.56401309  96.51042275
  95.97146912  95.89057911  95.91126867  95.84800939  96.87388406
  95.63530616  96.80847226  96.41990524  96.43550386  96.34134132
  96.44688102  96.04174196  96.68884724  95.99264919  96.58517301
  96.71665105  96.52484387  96.21637926  95.78752886  95.99672763
  96.30905948  96.26194514  96.0688934   96.01465043  95.74120199
  96.15875108  96.38473347  96.19596707  98.21502456  96.20492826
  96.28541036  95.95885193  99.81554686  96.4571603   96.47294518
  95.99680758  97.21409839  95.76112024  96.3725975   96.70949891
  95.75326436  95.81750658  96.6690358   96.71820247  96.50961003
  96.51752346  96.6133259   96.78661869  96.49474408  96.51153188
  96.1610596   96.26014588  93.84178012  96.51879402  96.75901024
  96.54640785  96.37206467  96.49883898  96.55139766  96.53368076
  96.43060606  95.40159465  96.83252085  96.51190938  96.48321564
  96.50510912  96.53317464  96.37960109  96.33996772  93.57129071]
最小値:93.57129070648843
入力値:[9, 10]
経過時間:265.7091603279114sec
num_evaluation of BBF = 100.0
 input
[[23, 81], [33, 81], [24, 37], [12, 5], [11, 46], [32, 46], [15, 80], [13, 62], [14, 92], [5, 84], [38, 39], [26, 43], [38, 0], [20, 25], [20, 11], [10, 34], [0, 22], [39, 51], [39, 56], [39, 73], [38, 68], [39, 28], [0, 27], [39, 24], [0, 3], [0, 37], [39, 36], [39, 26], [39, 30], [39, 96], [39, 76], [0, 75], [39, 49], [0, 50], [39, 89], [0, 49], [0, 65], [0, 59], [29, 47], [0, 71], [0, 52], [1, 77], [16, 29], [39, 20], [39, 22], [6, 25], [1, 63], [27, 47], [0, 19], [39, 18], [33, 47], [20, 48], [28, 12], [39, 75], [1, 18], [1, 17], [22, 31], [22, 27], [9, 5], [0, 45], [26, 32], [1, 74], [14, 0], [20, 32], [23, 44], [24, 30], [12, 13], [2, 48], [4, 49], [32, 14], [31, 40], [32, 35], [30, 33], [32, 40], [0, 96], [25, 96], [28, 64], [19, 61], [9, 96], [31, 96], [39, 36], [8, 59], [9, 9], [20, 96], [0, 0], [39, 1], [0, 94], [26, 72], [11, 73], [31, 0], [33, 62], [14, 49], [0, 87], [38, 96], [39, 85], [1, 96], [38, 58], [39, 84], [39, 68], [9, 10], [1, 9], [39, 8], [2, 56], [39, 54], [39, 78], [38, 16], [0, 42], [39, 70], [39, 91], [1, 7], [0, 85], [0, 67], [0, 20], [0, 55], [1, 79], [39, 9], [0, 88], [0, 40], [38, 20], [0, 69], [38, 55], [0, 79], [20, 38], [37, 27], [0, 16], [12, 92], [31, 11], [0, 23], [0, 53], [0, 82], [39, 41], [0, 15], [38, 75], [39, 66], [39, 88], [0, 21], [39, 58], [8, 66], [39, 93], [1, 0], [38, 60], [39, 83], [39, 2], [39, 77], [1, 90], [18, 17], [39, 50], [23, 53], [32, 42], [9, 3]]
 output
 [ 96.59380946  96.44937791  95.78129161  96.0128734   96.4534558
  96.02565964  96.57588097  96.32682662  96.38141761  96.89912151
  96.5618449   96.34689552  96.79649781  95.90463886 100.86551976
  96.57897452  96.16416345  96.1169712   96.56459494  96.11077283
  96.51459939  95.80033539  96.92253286  96.02088027  96.59657296
  96.31318411  96.1610596   96.1311742   96.56401309  96.51042275
  95.97146912  95.89057911  95.91126867  95.84800939  96.87388406
  95.63530616  96.80847226  96.41990524  96.43550386  96.34134132
  96.44688102  96.04174196  96.68884724  95.99264919  96.58517301
  96.71665105  96.52484387  96.21637926  95.78752886  95.99672763
  96.30905948  96.26194514  96.0688934   96.01465043  95.74120199
  96.15875108  96.38473347  96.19596707  98.21502456  96.20492826
  96.28541036  95.95885193  99.81554686  96.4571603   96.47294518
  95.99680758  97.21409839  95.76112024  96.3725975   96.70949891
  95.75326436  95.81750658  96.6690358   96.71820247  96.50961003
  96.51752346  96.6133259   96.78661869  96.49474408  96.51153188
  96.1610596   96.26014588  93.84178012  96.51879402  96.75901024
  96.54640785  96.37206467  96.49883898  96.55139766  96.53368076
  96.43060606  95.40159465  96.83252085  96.51190938  96.48321564
  96.50510912  96.53317464  96.37960109  96.33996772  93.57129071
  96.6005924   96.8802496   96.60222574  96.6527777   95.9690967
  96.4764328   96.43786733  96.23752076  97.00066836  96.95534858
  96.60793889  96.84050033  96.11662788  96.34883948  96.25625007
  96.6917189   96.88511847  95.97985268  95.97435508  96.6226689
  96.58467568  96.05158123  96.36754392  96.48019875  95.82415011
  96.43496284  97.37112538  96.36800233  96.42094765  96.30510495
  96.48847533  95.98598491  96.29310948  96.5033832   96.75450403
  96.48696406  96.52594623  95.85609371  96.79117783  96.68530403
  96.53017864  96.28621617  96.46662583  95.95443311  97.04920607
  96.19312573  95.94812688  96.38819378  95.69201579  97.85660354]
最小値:93.57129070648843
入力値:[9, 10]
経過時間:285.2201974391937sec
num_evaluation of BBF = 150.0
 input
[[23, 81], [33, 81], [24, 37], [12, 5], [11, 46], [32, 46], [15, 80], [13, 62], [14, 92], [5, 84], [38, 39], [26, 43], [38, 0], [20, 25], [20, 11], [10, 34], [0, 22], [39, 51], [39, 56], [39, 73], [38, 68], [39, 28], [0, 27], [39, 24], [0, 3], [0, 37], [39, 36], [39, 26], [39, 30], [39, 96], [39, 76], [0, 75], [39, 49], [0, 50], [39, 89], [0, 49], [0, 65], [0, 59], [29, 47], [0, 71], [0, 52], [1, 77], [16, 29], [39, 20], [39, 22], [6, 25], [1, 63], [27, 47], [0, 19], [39, 18], [33, 47], [20, 48], [28, 12], [39, 75], [1, 18], [1, 17], [22, 31], [22, 27], [9, 5], [0, 45], [26, 32], [1, 74], [14, 0], [20, 32], [23, 44], [24, 30], [12, 13], [2, 48], [4, 49], [32, 14], [31, 40], [32, 35], [30, 33], [32, 40], [0, 96], [25, 96], [28, 64], [19, 61], [9, 96], [31, 96], [39, 36], [8, 59], [9, 9], [20, 96], [0, 0], [39, 1], [0, 94], [26, 72], [11, 73], [31, 0], [33, 62], [14, 49], [0, 87], [38, 96], [39, 85], [1, 96], [38, 58], [39, 84], [39, 68], [9, 10], [1, 9], [39, 8], [2, 56], [39, 54], [39, 78], [38, 16], [0, 42], [39, 70], [39, 91], [1, 7], [0, 85], [0, 67], [0, 20], [0, 55], [1, 79], [39, 9], [0, 88], [0, 40], [38, 20], [0, 69], [38, 55], [0, 79], [20, 38], [37, 27], [0, 16], [12, 92], [31, 11], [0, 23], [0, 53], [0, 82], [39, 41], [0, 15], [38, 75], [39, 66], [39, 88], [0, 21], [39, 58], [8, 66], [39, 93], [1, 0], [38, 60], [39, 83], [39, 2], [39, 77], [1, 90], [18, 17], [39, 50], [23, 53], [32, 42], [9, 3], [33, 47], [20, 48], [1, 71], [0, 35], [39, 23], [0, 77], [8, 89], [22, 27], [0, 41], [39, 71], [21, 71], [34, 14], [13, 37], [20, 78], [3, 19], [35, 43], [31, 20], [28, 69], [30, 7], [5, 81], [27, 95], [0, 32], [28, 14], [20, 52], [38, 21], [23, 59], [0, 8], [26, 22], [6, 41], [3, 81], [27, 56], [22, 23], [15, 6], [39, 44], [39, 64], [0, 44], [3, 58], [26, 71], [1, 75], [39, 6], [0, 30], [39, 52], [39, 86], [39, 17], [38, 34], [29, 16], [32, 78], [0, 64], [0, 38], [24, 42]]
 output
 [ 96.59380946  96.44937791  95.78129161  96.0128734   96.4534558
  96.02565964  96.57588097  96.32682662  96.38141761  96.89912151
  96.5618449   96.34689552  96.79649781  95.90463886 100.86551976
  96.57897452  96.16416345  96.1169712   96.56459494  96.11077283
  96.51459939  95.80033539  96.92253286  96.02088027  96.59657296
  96.31318411  96.1610596   96.1311742   96.56401309  96.51042275
  95.97146912  95.89057911  95.91126867  95.84800939  96.87388406
  95.63530616  96.80847226  96.41990524  96.43550386  96.34134132
  96.44688102  96.04174196  96.68884724  95.99264919  96.58517301
  96.71665105  96.52484387  96.21637926  95.78752886  95.99672763
  96.30905948  96.26194514  96.0688934   96.01465043  95.74120199
  96.15875108  96.38473347  96.19596707  98.21502456  96.20492826
  96.28541036  95.95885193  99.81554686  96.4571603   96.47294518
  95.99680758  97.21409839  95.76112024  96.3725975   96.70949891
  95.75326436  95.81750658  96.6690358   96.71820247  96.50961003
  96.51752346  96.6133259   96.78661869  96.49474408  96.51153188
  96.1610596   96.26014588  93.84178012  96.51879402  96.75901024
  96.54640785  96.37206467  96.49883898  96.55139766  96.53368076
  96.43060606  95.40159465  96.83252085  96.51190938  96.48321564
  96.50510912  96.53317464  96.37960109  96.33996772  93.57129071
  96.6005924   96.8802496   96.60222574  96.6527777   95.9690967
  96.4764328   96.43786733  96.23752076  97.00066836  96.95534858
  96.60793889  96.84050033  96.11662788  96.34883948  96.25625007
  96.6917189   96.88511847  95.97985268  95.97435508  96.6226689
  96.58467568  96.05158123  96.36754392  96.48019875  95.82415011
  96.43496284  97.37112538  96.36800233  96.42094765  96.30510495
  96.48847533  95.98598491  96.29310948  96.5033832   96.75450403
  96.48696406  96.52594623  95.85609371  96.79117783  96.68530403
  96.53017864  96.28621617  96.46662583  95.95443311  97.04920607
  96.19312573  95.94812688  96.38819378  95.69201579  97.85660354
  96.30905948  96.26194514  96.34147817  96.85872706  96.21159756
  95.89537227  96.42033968  96.19596707  96.21584165  96.19550444
  96.58204503  96.35948791  96.50601151  96.59188587  95.45930682
  94.68544587  96.57209444  96.66629898  96.61562956  96.85825011
  96.50045082  96.56338103  96.86690392  96.44437098  95.87928985
  96.39225191  96.80244637  96.71265608  96.24140308  96.7715172
  96.54754611  96.23943436  93.41772164  96.10574158  96.54775223
  96.30386259  96.52335982  96.48368019  95.92529964  96.74443046
  96.63298827  96.4461953   96.60095334  96.23370295  96.40805915
  96.23117852  96.54641859  96.71944819  96.08787498  96.45818917]
最小値:93.41772164111069
入力値:[15, 6]
経過時間:300.8952281475067sec
num_evaluation of BBF = 200.0
 input
[[39, 90], [5, 96], [9, 38], [15, 64], [36, 81], [12, 50], [17, 22], [21, 88], [18, 41], [37, 75], [22, 21], [9, 22], [20, 24], [27, 24], [19, 24]]
 output
 [96.98019293 96.49281484 96.5479372  96.68152214 96.18459127 96.0961277
 96.04689704 96.48036722 96.56472989 96.40822367 96.17183423 96.21825465
 95.25364545 96.8860477  96.21564403]
最小値:95.25364544819138
入力値:[20, 24]
経過時間:63.594956159591675sec
num_evaluation of BBF = 15.0
 input
[[39, 90], [5, 96], [9, 38], [15, 64], [36, 81], [12, 50], [17, 22], [21, 88], [18, 41], [37, 75], [22, 21], [9, 22], [20, 24], [27, 24], [19, 24], [21, 27], [19, 19], [21, 24], [20, 23], [19, 66], [37, 53], [20, 96], [30, 81], [7, 22], [11, 1], [37, 73], [34, 47], [17, 38], [21, 42], [18, 81]]
 output
 [96.98019293 96.49281484 96.5479372  96.68152214 96.18459127 96.0961277
 96.04689704 96.48036722 96.56472989 96.40822367 96.17183423 96.21825465
 95.25364545 96.8860477  96.21564403 96.25150085 96.85872392 95.90346944
 94.73371448 96.36430454 96.30871114 96.51879402 96.4109026  97.48373579
 97.11658111 96.59994538 96.19808899 96.24888169 96.94709846 96.54246003]
最小値:94.73371448360997
入力値:[20, 23]
経過時間:66.97577595710754sec
num_evaluation of BBF = 30.0
 input
[[39, 90], [5, 96], [9, 38], [15, 64], [36, 81], [12, 50], [17, 22], [21, 88], [18, 41], [37, 75], [22, 21], [9, 22], [20, 24], [27, 24], [19, 24], [21, 27], [19, 19], [21, 24], [20, 23], [19, 66], [37, 53], [20, 96], [30, 81], [7, 22], [11, 1], [37, 73], [34, 47], [17, 38], [21, 42], [18, 81], [21, 33], [34, 61], [7, 31], [38, 93], [25, 2], [20, 22], [25, 1], [22, 23], [19, 22], [20, 27], [37, 73], [34, 47], [17, 38], [21, 42], [18, 81], [17, 20], [28, 16], [20, 20], [30, 38], [25, 16]]
 output
 [96.98019293 96.49281484 96.5479372  96.68152214 96.18459127 96.0961277
 96.04689704 96.48036722 96.56472989 96.40822367 96.17183423 96.21825465
 95.25364545 96.8860477  96.21564403 96.25150085 96.85872392 95.90346944
 94.73371448 96.36430454 96.30871114 96.51879402 96.4109026  97.48373579
 97.11658111 96.59994538 96.19808899 96.24888169 96.94709846 96.54246003
 95.84597342 96.46975734 96.21828893 96.84511661 94.82709028 95.53833238
 97.52260529 96.23943436 96.53687969 96.29249675 96.59994538 96.19808899
 96.24888169 96.94709846 96.54246003 95.91125585 96.55767234 96.69781412
 96.03550306 97.18041125]
最小値:94.73371448360997
入力値:[20, 23]
経過時間:92.31804037094116sec
num_evaluation of BBF = 50.0
 input
[[39, 90], [5, 96], [9, 38], [15, 64], [36, 81], [12, 50], [17, 22], [21, 88], [18, 41], [37, 75], [22, 21], [9, 22], [20, 24], [27, 24], [19, 24], [21, 27], [19, 19], [21, 24], [20, 23], [19, 66], [37, 53], [20, 96], [30, 81], [7, 22], [11, 1], [37, 73], [34, 47], [17, 38], [21, 42], [18, 81], [21, 33], [34, 61], [7, 31], [38, 93], [25, 2], [20, 22], [25, 1], [22, 23], [19, 22], [20, 27], [37, 73], [34, 47], [17, 38], [21, 42], [18, 81], [17, 20], [28, 16], [20, 20], [30, 38], [25, 16], [21, 33], [34, 61], [7, 31], [38, 93], [25, 2], [17, 90], [26, 43], [33, 91], [12, 80], [29, 5], [34, 7], [11, 35], [38, 54], [27, 1], [24, 29], [0, 0], [26, 96], [36, 5], [25, 1], [4, 55], [5, 40], [21, 75], [17, 9], [27, 67], [21, 78], [9, 44], [25, 93], [16, 74], [24, 4], [24, 34], [26, 17], [36, 87], [13, 1], [27, 49], [35, 24], [18, 63], [6, 86], [30, 33], [27, 38], [35, 81], [6, 55], [22, 46], [17, 23], [11, 91], [16, 80], [37, 29], [26, 11], [8, 48], [31, 57], [2, 16]]
 output
 [96.98019293 96.49281484 96.5479372  96.68152214 96.18459127 96.0961277
 96.04689704 96.48036722 96.56472989 96.40822367 96.17183423 96.21825465
 95.25364545 96.8860477  96.21564403 96.25150085 96.85872392 95.90346944
 94.73371448 96.36430454 96.30871114 96.51879402 96.4109026  97.48373579
 97.11658111 96.59994538 96.19808899 96.24888169 96.94709846 96.54246003
 95.84597342 96.46975734 96.21828893 96.84511661 94.82709028 95.53833238
 97.52260529 96.23943436 96.53687969 96.29249675 96.59994538 96.19808899
 96.24888169 96.94709846 96.54246003 95.91125585 96.55767234 96.69781412
 96.03550306 97.18041125 95.84597342 96.46975734 96.21828893 96.84511661
 94.82709028 96.43109488 96.34689552 96.59269617 96.47338142 96.18528118
 96.92324924 96.1294335  96.55850823 96.10570883 96.33112298 96.75901024
 96.51619722 96.49999504 97.52260529 96.33912637 96.34754332 96.57118792
 98.454269   96.40709188 96.57870639 95.35116615 96.4177101  96.55793408
 97.99865081 95.9153591  95.865937   96.34522374 97.39685041 96.46839799
 96.58519706 96.6701286  96.75822643 96.6690358  95.53971441 96.29992872
 96.26681237 96.43479311 96.51632011 96.48755115 96.54740139 95.7644606
 96.80540282 95.87575685 96.51092879 95.65668809]
最小値:94.73371448360997
入力値:[20, 23]
経過時間:246.87585616111755sec
num_evaluation of BBF = 100.0
 input
[[39, 90], [5, 96], [9, 38], [15, 64], [36, 81], [12, 50], [17, 22], [21, 88], [18, 41], [37, 75], [22, 21], [9, 22], [20, 24], [27, 24], [19, 24], [21, 27], [19, 19], [21, 24], [20, 23], [19, 66], [37, 53], [20, 96], [30, 81], [7, 22], [11, 1], [37, 73], [34, 47], [17, 38], [21, 42], [18, 81], [21, 33], [34, 61], [7, 31], [38, 93], [25, 2], [20, 22], [25, 1], [22, 23], [19, 22], [20, 27], [37, 73], [34, 47], [17, 38], [21, 42], [18, 81], [17, 20], [28, 16], [20, 20], [30, 38], [25, 16], [21, 33], [34, 61], [7, 31], [38, 93], [25, 2], [17, 90], [26, 43], [33, 91], [12, 80], [29, 5], [34, 7], [11, 35], [38, 54], [27, 1], [24, 29], [0, 0], [26, 96], [36, 5], [25, 1], [4, 55], [5, 40], [21, 75], [17, 9], [27, 67], [21, 78], [9, 44], [25, 93], [16, 74], [24, 4], [24, 34], [26, 17], [36, 87], [13, 1], [27, 49], [35, 24], [18, 63], [6, 86], [30, 33], [27, 38], [35, 81], [6, 55], [22, 46], [17, 23], [11, 91], [16, 80], [37, 29], [26, 11], [8, 48], [31, 57], [2, 16], [21, 33], [34, 61], [7, 31], [38, 93], [25, 2], [9, 43], [11, 20], [2, 6], [25, 27], [27, 39], [28, 40], [25, 29], [27, 58], [31, 71], [18, 4], [6, 87], [12, 5], [3, 80], [9, 8], [10, 32], [21, 63], [35, 36], [4, 28], [10, 66], [38, 6], [9, 8], [36, 81], [25, 6], [38, 7], [12, 93], [29, 37], [15, 13], [35, 91], [37, 32], [1, 96], [0, 96], [6, 70], [3, 0], [32, 0], [23, 96], [18, 3], [35, 83], [18, 77], [4, 75], [32, 90], [38, 35], [28, 92], [4, 73], [22, 19], [13, 96]]
 output
 [ 96.98019293  96.49281484  96.5479372   96.68152214  96.18459127
  96.0961277   96.04689704  96.48036722  96.56472989  96.40822367
  96.17183423  96.21825465  95.25364545  96.8860477   96.21564403
  96.25150085  96.85872392  95.90346944  94.73371448  96.36430454
  96.30871114  96.51879402  96.4109026   97.48373579  97.11658111
  96.59994538  96.19808899  96.24888169  96.94709846  96.54246003
  95.84597342  96.46975734  96.21828893  96.84511661  94.82709028
  95.53833238  97.52260529  96.23943436  96.53687969  96.29249675
  96.59994538  96.19808899  96.24888169  96.94709846  96.54246003
  95.91125585  96.55767234  96.69781412  96.03550306  97.18041125
  95.84597342  96.46975734  96.21828893  96.84511661  94.82709028
  96.43109488  96.34689552  96.59269617  96.47338142  96.18528118
  96.92324924  96.1294335   96.55850823  96.10570883  96.33112298
  96.75901024  96.51619722  96.49999504  97.52260529  96.33912637
  96.34754332  96.57118792  98.454269    96.40709188  96.57870639
  95.35116615  96.4177101   96.55793408  97.99865081  95.9153591
  95.865937    96.34522374  97.39685041  96.46839799  96.58519706
  96.6701286   96.75822643  96.6690358   95.53971441  96.29992872
  96.26681237  96.43479311  96.51632011  96.48755115  96.54740139
  95.7644606   96.80540282  95.87575685  96.51092879  95.65668809
  95.84597342  96.46975734  96.21828893  96.84511661  94.82709028
  95.39214369  96.39472036  97.10936403  95.79307221  95.53167354
  96.37469888  96.49337954  96.47958917  96.6165438   93.5774792
  96.75820062  96.0128734   96.72113721  94.44683118  96.58509258
  96.15706516  96.66752418  96.56240852  96.97169112  96.82761791
  94.44683118  96.18459127  96.37285373  96.67914218  96.36179832
  96.3349856   96.67385649  96.79617185  96.48915884  96.50510912
  96.50961003  96.24117799  96.72678182  96.5919632   96.51956991
 101.63203988  96.2937063   96.52198741  96.57632749  96.26515884
  96.55612158  96.32509235  96.31285837  96.99302844  96.51216289]
最小値:93.57747919892549
入力値:[18, 4]
経過時間:259.3016448020935sec
num_evaluation of BBF = 150.0
 input
[[39, 90], [5, 96], [9, 38], [15, 64], [36, 81], [12, 50], [17, 22], [21, 88], [18, 41], [37, 75], [22, 21], [9, 22], [20, 24], [27, 24], [19, 24], [21, 27], [19, 19], [21, 24], [20, 23], [19, 66], [37, 53], [20, 96], [30, 81], [7, 22], [11, 1], [37, 73], [34, 47], [17, 38], [21, 42], [18, 81], [21, 33], [34, 61], [7, 31], [38, 93], [25, 2], [20, 22], [25, 1], [22, 23], [19, 22], [20, 27], [37, 73], [34, 47], [17, 38], [21, 42], [18, 81], [17, 20], [28, 16], [20, 20], [30, 38], [25, 16], [21, 33], [34, 61], [7, 31], [38, 93], [25, 2], [17, 90], [26, 43], [33, 91], [12, 80], [29, 5], [34, 7], [11, 35], [38, 54], [27, 1], [24, 29], [0, 0], [26, 96], [36, 5], [25, 1], [4, 55], [5, 40], [21, 75], [17, 9], [27, 67], [21, 78], [9, 44], [25, 93], [16, 74], [24, 4], [24, 34], [26, 17], [36, 87], [13, 1], [27, 49], [35, 24], [18, 63], [6, 86], [30, 33], [27, 38], [35, 81], [6, 55], [22, 46], [17, 23], [11, 91], [16, 80], [37, 29], [26, 11], [8, 48], [31, 57], [2, 16], [21, 33], [34, 61], [7, 31], [38, 93], [25, 2], [9, 43], [11, 20], [2, 6], [25, 27], [27, 39], [28, 40], [25, 29], [27, 58], [31, 71], [18, 4], [6, 87], [12, 5], [3, 80], [9, 8], [10, 32], [21, 63], [35, 36], [4, 28], [10, 66], [38, 6], [9, 8], [36, 81], [25, 6], [38, 7], [12, 93], [29, 37], [15, 13], [35, 91], [37, 32], [1, 96], [0, 96], [6, 70], [3, 0], [32, 0], [23, 96], [18, 3], [35, 83], [18, 77], [4, 75], [32, 90], [38, 35], [28, 92], [4, 73], [22, 19], [13, 96], [39, 79], [26, 23], [14, 82], [27, 21], [37, 83], [1, 53], [37, 58], [10, 23], [10, 36], [1, 3], [14, 30], [22, 24], [8, 61], [28, 35], [6, 92], [2, 19], [6, 83], [26, 3], [25, 18], [33, 80], [38, 94], [30, 17], [16, 51], [16, 23], [34, 86], [4, 66], [3, 12], [17, 61], [27, 47], [20, 79], [0, 89], [12, 9], [20, 49], [2, 22], [30, 50], [1, 68], [6, 45], [5, 80], [3, 37], [16, 69], [23, 79], [30, 73], [34, 37], [17, 16], [20, 88], [34, 76], [2, 61], [8, 9], [37, 30], [25, 79]]
 output
 [ 96.98019293  96.49281484  96.5479372   96.68152214  96.18459127
  96.0961277   96.04689704  96.48036722  96.56472989  96.40822367
  96.17183423  96.21825465  95.25364545  96.8860477   96.21564403
  96.25150085  96.85872392  95.90346944  94.73371448  96.36430454
  96.30871114  96.51879402  96.4109026   97.48373579  97.11658111
  96.59994538  96.19808899  96.24888169  96.94709846  96.54246003
  95.84597342  96.46975734  96.21828893  96.84511661  94.82709028
  95.53833238  97.52260529  96.23943436  96.53687969  96.29249675
  96.59994538  96.19808899  96.24888169  96.94709846  96.54246003
  95.91125585  96.55767234  96.69781412  96.03550306  97.18041125
  95.84597342  96.46975734  96.21828893  96.84511661  94.82709028
  96.43109488  96.34689552  96.59269617  96.47338142  96.18528118
  96.92324924  96.1294335   96.55850823  96.10570883  96.33112298
  96.75901024  96.51619722  96.49999504  97.52260529  96.33912637
  96.34754332  96.57118792  98.454269    96.40709188  96.57870639
  95.35116615  96.4177101   96.55793408  97.99865081  95.9153591
  95.865937    96.34522374  97.39685041  96.46839799  96.58519706
  96.6701286   96.75822643  96.6690358   95.53971441  96.29992872
  96.26681237  96.43479311  96.51632011  96.48755115  96.54740139
  95.7644606   96.80540282  95.87575685  96.51092879  95.65668809
  95.84597342  96.46975734  96.21828893  96.84511661  94.82709028
  95.39214369  96.39472036  97.10936403  95.79307221  95.53167354
  96.37469888  96.49337954  96.47958917  96.6165438   93.5774792
  96.75820062  96.0128734   96.72113721  94.44683118  96.58509258
  96.15706516  96.66752418  96.56240852  96.97169112  96.82761791
  94.44683118  96.18459127  96.37285373  96.67914218  96.36179832
  96.3349856   96.67385649  96.79617185  96.48915884  96.50510912
  96.50961003  96.24117799  96.72678182  96.5919632   96.51956991
 101.63203988  96.2937063   96.52198741  96.57632749  96.26515884
  96.55612158  96.32509235  96.31285837  96.99302844  96.51216289
  96.01042147  96.75408624  96.57911479  95.72481366  96.1966885
  96.49663358  96.20542661  96.03420744  95.90200752  96.7351705
  96.20870259  96.36595657  95.71854001  96.36575459  96.41629244
  96.28802036  96.79850627  95.68509932  96.61484084  96.4994352
  96.35287364  96.49961086  96.57602324  95.88618712  96.21573778
  96.54014979  95.85925019  96.78780538  96.21637926  96.59474057
  96.97296194  95.0477541   96.44310031  96.37640161  96.34066792
  96.69784327  96.3980191   96.88145436  96.36564496  96.70989141
  96.60380031  96.6047443   95.71569738  96.19191279  96.48667015
  96.55622935  96.50713188  94.06329743  96.00598107  96.59194029]
最小値:93.57747919892549
入力値:[18, 4]
経過時間:283.1758086681366sec
num_evaluation of BBF = 200.0
 input
[[7, 89], [37, 47], [13, 15], [27, 12], [19, 61], [32, 66], [19, 56], [28, 25], [21, 39], [7, 93], [28, 26], [39, 22], [29, 61], [21, 25], [29, 25]]
 output
 [96.56739757 95.88299894 96.21088685 96.75892951 96.78661869 96.43370216
 96.29724232 95.15786446 96.29028925 96.38859108 95.73309709 96.58517301
 96.55850464 96.11275405 96.36793119]
最小値:95.15786445603106
入力値:[28, 25]
経過時間:64.20428967475891sec
num_evaluation of BBF = 15.0
 input
[[7, 89], [37, 47], [13, 15], [27, 12], [19, 61], [32, 66], [19, 56], [28, 25], [21, 39], [7, 93], [28, 26], [39, 22], [29, 61], [21, 25], [29, 25], [28, 22], [12, 70], [27, 64], [9, 69], [4, 94], [1, 73], [6, 33], [26, 8], [3, 37], [8, 64], [13, 72], [39, 57], [0, 64], [7, 59], [28, 48]]
 output
 [96.56739757 95.88299894 96.21088685 96.75892951 96.78661869 96.43370216
 96.29724232 95.15786446 96.29028925 96.38859108 95.73309709 96.58517301
 96.55850464 96.11275405 96.36793119 96.34351993 96.30165086 96.44884394
 96.70557516 96.50063314 96.06033199 96.32572398 97.39625092 96.36564496
 95.48222222 96.40337066 96.54555277 96.71944819 96.37848569 96.44980114]
最小値:95.15786445603106
入力値:[28, 25]
経過時間:68.01631450653076sec
num_evaluation of BBF = 30.0
 input
[[7, 89], [37, 47], [13, 15], [27, 12], [19, 61], [32, 66], [19, 56], [28, 25], [21, 39], [7, 93], [28, 26], [39, 22], [29, 61], [21, 25], [29, 25], [28, 22], [12, 70], [27, 64], [9, 69], [4, 94], [1, 73], [6, 33], [26, 8], [3, 37], [8, 64], [13, 72], [39, 57], [0, 64], [7, 59], [28, 48], [28, 43], [29, 1], [24, 35], [35, 19], [9, 56], [24, 63], [18, 79], [27, 24], [23, 49], [20, 83], [22, 62], [2, 27], [14, 22], [24, 16], [18, 42], [35, 52], [2, 64], [25, 11], [22, 43], [16, 53]]
 output
 [96.56739757 95.88299894 96.21088685 96.75892951 96.78661869 96.43370216
 96.29724232 95.15786446 96.29028925 96.38859108 95.73309709 96.58517301
 96.55850464 96.11275405 96.36793119 96.34351993 96.30165086 96.44884394
 96.70557516 96.50063314 96.06033199 96.32572398 97.39625092 96.36564496
 95.48222222 96.40337066 96.54555277 96.71944819 96.37848569 96.44980114
 96.38186165 96.64098023 95.85135558 95.85715126 96.25133177 96.34000812
 96.54115774 96.8860477  96.24770632 96.57983084 96.74239226 96.72421029
 97.30940555 95.12801325 96.4168839  96.60250956 96.3820637  96.56269424
 96.34315541 96.36342732]
最小値:95.12801324907012
入力値:[24, 16]
経過時間:94.61137080192566sec
num_evaluation of BBF = 50.0
 input
[[7, 89], [37, 47], [13, 15], [27, 12], [19, 61], [32, 66], [19, 56], [28, 25], [21, 39], [7, 93], [28, 26], [39, 22], [29, 61], [21, 25], [29, 25], [28, 22], [12, 70], [27, 64], [9, 69], [4, 94], [1, 73], [6, 33], [26, 8], [3, 37], [8, 64], [13, 72], [39, 57], [0, 64], [7, 59], [28, 48], [28, 43], [29, 1], [24, 35], [35, 19], [9, 56], [24, 63], [18, 79], [27, 24], [23, 49], [20, 83], [22, 62], [2, 27], [14, 22], [24, 16], [18, 42], [35, 52], [2, 64], [25, 11], [22, 43], [16, 53], [28, 43], [29, 1], [24, 35], [35, 19], [9, 56], [24, 63], [18, 79], [27, 24], [23, 49], [20, 83], [22, 62], [2, 27], [14, 22], [24, 16], [18, 42], [35, 52], [2, 64], [25, 11], [22, 43], [16, 53], [20, 46], [5, 81], [12, 5], [15, 76], [11, 63], [5, 52], [28, 79], [24, 26], [18, 92], [13, 79], [24, 54], [4, 78], [1, 89], [0, 17], [39, 43], [28, 34], [21, 46], [13, 62], [38, 96], [11, 3], [15, 67], [31, 73], [13, 12], [5, 55], [15, 64], [26, 17], [13, 88], [21, 27], [38, 30], [9, 50]]
 output
 [96.56739757 95.88299894 96.21088685 96.75892951 96.78661869 96.43370216
 96.29724232 95.15786446 96.29028925 96.38859108 95.73309709 96.58517301
 96.55850464 96.11275405 96.36793119 96.34351993 96.30165086 96.44884394
 96.70557516 96.50063314 96.06033199 96.32572398 97.39625092 96.36564496
 95.48222222 96.40337066 96.54555277 96.71944819 96.37848569 96.44980114
 96.38186165 96.64098023 95.85135558 95.85715126 96.25133177 96.34000812
 96.54115774 96.8860477  96.24770632 96.57983084 96.74239226 96.72421029
 97.30940555 95.12801325 96.4168839  96.60250956 96.3820637  96.56269424
 96.34315541 96.36342732 96.38186165 96.64098023 95.85135558 95.85715126
 96.25133177 96.34000812 96.54115774 96.8860477  96.24770632 96.57983084
 96.74239226 96.72421029 97.30940555 95.12801325 96.4168839  96.60250956
 96.3820637  96.56269424 96.34315541 96.36342732 96.34664675 96.85825011
 96.0128734  96.56088916 96.68144834 96.48012442 96.55109343 96.38352698
 96.27616233 96.498457   96.706427   96.77137391 97.0447085  95.43758986
 96.40130362 96.31553132 96.63320351 96.32682662 96.51190938 97.18853015
 96.37843355 96.60446517 96.18893294 96.38754847 96.68152214 95.865937
 96.55923243 96.25150085 96.83044767 96.2688668 ]
最小値:95.12801324907012
入力値:[24, 16]
経過時間:245.28421783447266sec
num_evaluation of BBF = 100.0
 input
[[7, 89], [37, 47], [13, 15], [27, 12], [19, 61], [32, 66], [19, 56], [28, 25], [21, 39], [7, 93], [28, 26], [39, 22], [29, 61], [21, 25], [29, 25], [28, 22], [12, 70], [27, 64], [9, 69], [4, 94], [1, 73], [6, 33], [26, 8], [3, 37], [8, 64], [13, 72], [39, 57], [0, 64], [7, 59], [28, 48], [28, 43], [29, 1], [24, 35], [35, 19], [9, 56], [24, 63], [18, 79], [27, 24], [23, 49], [20, 83], [22, 62], [2, 27], [14, 22], [24, 16], [18, 42], [35, 52], [2, 64], [25, 11], [22, 43], [16, 53], [28, 43], [29, 1], [24, 35], [35, 19], [9, 56], [24, 63], [18, 79], [27, 24], [23, 49], [20, 83], [22, 62], [2, 27], [14, 22], [24, 16], [18, 42], [35, 52], [2, 64], [25, 11], [22, 43], [16, 53], [20, 46], [5, 81], [12, 5], [15, 76], [11, 63], [5, 52], [28, 79], [24, 26], [18, 92], [13, 79], [24, 54], [4, 78], [1, 89], [0, 17], [39, 43], [28, 34], [21, 46], [13, 62], [38, 96], [11, 3], [15, 67], [31, 73], [13, 12], [5, 55], [15, 64], [26, 17], [13, 88], [21, 27], [38, 30], [9, 50], [28, 43], [29, 1], [24, 35], [35, 19], [9, 56], [24, 63], [18, 79], [27, 24], [23, 49], [20, 83], [22, 62], [2, 27], [14, 22], [24, 16], [18, 42], [35, 52], [2, 64], [25, 11], [22, 43], [16, 53], [20, 46], [5, 81], [12, 5], [15, 76], [11, 63], [5, 52], [28, 79], [24, 26], [18, 92], [13, 79], [24, 54], [4, 78], [1, 89], [0, 17], [39, 43], [28, 34], [21, 46], [13, 62], [38, 96], [11, 3], [15, 67], [31, 73], [13, 12], [5, 55], [15, 64], [26, 17], [13, 88], [21, 27], [38, 30], [9, 50]]
 output
 [96.56739757 95.88299894 96.21088685 96.75892951 96.78661869 96.43370216
 96.29724232 95.15786446 96.29028925 96.38859108 95.73309709 96.58517301
 96.55850464 96.11275405 96.36793119 96.34351993 96.30165086 96.44884394
 96.70557516 96.50063314 96.06033199 96.32572398 97.39625092 96.36564496
 95.48222222 96.40337066 96.54555277 96.71944819 96.37848569 96.44980114
 96.38186165 96.64098023 95.85135558 95.85715126 96.25133177 96.34000812
 96.54115774 96.8860477  96.24770632 96.57983084 96.74239226 96.72421029
 97.30940555 95.12801325 96.4168839  96.60250956 96.3820637  96.56269424
 96.34315541 96.36342732 96.38186165 96.64098023 95.85135558 95.85715126
 96.25133177 96.34000812 96.54115774 96.8860477  96.24770632 96.57983084
 96.74239226 96.72421029 97.30940555 95.12801325 96.4168839  96.60250956
 96.3820637  96.56269424 96.34315541 96.36342732 96.34664675 96.85825011
 96.0128734  96.56088916 96.68144834 96.48012442 96.55109343 96.38352698
 96.27616233 96.498457   96.706427   96.77137391 97.0447085  95.43758986
 96.40130362 96.31553132 96.63320351 96.32682662 96.51190938 97.18853015
 96.37843355 96.60446517 96.18893294 96.38754847 96.68152214 95.865937
 96.55923243 96.25150085 96.83044767 96.2688668  96.38186165 96.64098023
 95.85135558 95.85715126 96.25133177 96.34000812 96.54115774 96.8860477
 96.24770632 96.57983084 96.74239226 96.72421029 97.30940555 95.12801325
 96.4168839  96.60250956 96.3820637  96.56269424 96.34315541 96.36342732
 96.34664675 96.85825011 96.0128734  96.56088916 96.68144834 96.48012442
 96.55109343 96.38352698 96.27616233 96.498457   96.706427   96.77137391
 97.0447085  95.43758986 96.40130362 96.31553132 96.63320351 96.32682662
 96.51190938 97.18853015 96.37843355 96.60446517 96.18893294 96.38754847
 96.68152214 95.865937   96.55923243 96.25150085 96.83044767 96.2688668 ]
最小値:95.12801324907012
入力値:[24, 16]
経過時間:261.82283568382263sec
num_evaluation of BBF = 150.0
 input
[[7, 89], [37, 47], [13, 15], [27, 12], [19, 61], [32, 66], [19, 56], [28, 25], [21, 39], [7, 93], [28, 26], [39, 22], [29, 61], [21, 25], [29, 25], [28, 22], [12, 70], [27, 64], [9, 69], [4, 94], [1, 73], [6, 33], [26, 8], [3, 37], [8, 64], [13, 72], [39, 57], [0, 64], [7, 59], [28, 48], [28, 43], [29, 1], [24, 35], [35, 19], [9, 56], [24, 63], [18, 79], [27, 24], [23, 49], [20, 83], [22, 62], [2, 27], [14, 22], [24, 16], [18, 42], [35, 52], [2, 64], [25, 11], [22, 43], [16, 53], [28, 43], [29, 1], [24, 35], [35, 19], [9, 56], [24, 63], [18, 79], [27, 24], [23, 49], [20, 83], [22, 62], [2, 27], [14, 22], [24, 16], [18, 42], [35, 52], [2, 64], [25, 11], [22, 43], [16, 53], [20, 46], [5, 81], [12, 5], [15, 76], [11, 63], [5, 52], [28, 79], [24, 26], [18, 92], [13, 79], [24, 54], [4, 78], [1, 89], [0, 17], [39, 43], [28, 34], [21, 46], [13, 62], [38, 96], [11, 3], [15, 67], [31, 73], [13, 12], [5, 55], [15, 64], [26, 17], [13, 88], [21, 27], [38, 30], [9, 50], [28, 43], [29, 1], [24, 35], [35, 19], [9, 56], [24, 63], [18, 79], [27, 24], [23, 49], [20, 83], [22, 62], [2, 27], [14, 22], [24, 16], [18, 42], [35, 52], [2, 64], [25, 11], [22, 43], [16, 53], [20, 46], [5, 81], [12, 5], [15, 76], [11, 63], [5, 52], [28, 79], [24, 26], [18, 92], [13, 79], [24, 54], [4, 78], [1, 89], [0, 17], [39, 43], [28, 34], [21, 46], [13, 62], [38, 96], [11, 3], [15, 67], [31, 73], [13, 12], [5, 55], [15, 64], [26, 17], [13, 88], [21, 27], [38, 30], [9, 50], [28, 43], [29, 1], [24, 35], [35, 19], [9, 56], [24, 63], [18, 79], [27, 24], [23, 49], [20, 83], [22, 62], [2, 27], [14, 22], [24, 16], [18, 42], [35, 52], [2, 64], [25, 11], [22, 43], [16, 53], [20, 46], [5, 81], [12, 5], [15, 76], [11, 63], [5, 52], [28, 79], [24, 26], [18, 92], [13, 79], [24, 54], [4, 78], [1, 89], [0, 17], [39, 43], [28, 34], [21, 46], [13, 62], [38, 96], [11, 3], [15, 67], [31, 73], [13, 12], [5, 55], [15, 64], [26, 17], [13, 88], [21, 27], [38, 30], [9, 50]]
 output
 [96.56739757 95.88299894 96.21088685 96.75892951 96.78661869 96.43370216
 96.29724232 95.15786446 96.29028925 96.38859108 95.73309709 96.58517301
 96.55850464 96.11275405 96.36793119 96.34351993 96.30165086 96.44884394
 96.70557516 96.50063314 96.06033199 96.32572398 97.39625092 96.36564496
 95.48222222 96.40337066 96.54555277 96.71944819 96.37848569 96.44980114
 96.38186165 96.64098023 95.85135558 95.85715126 96.25133177 96.34000812
 96.54115774 96.8860477  96.24770632 96.57983084 96.74239226 96.72421029
 97.30940555 95.12801325 96.4168839  96.60250956 96.3820637  96.56269424
 96.34315541 96.36342732 96.38186165 96.64098023 95.85135558 95.85715126
 96.25133177 96.34000812 96.54115774 96.8860477  96.24770632 96.57983084
 96.74239226 96.72421029 97.30940555 95.12801325 96.4168839  96.60250956
 96.3820637  96.56269424 96.34315541 96.36342732 96.34664675 96.85825011
 96.0128734  96.56088916 96.68144834 96.48012442 96.55109343 96.38352698
 96.27616233 96.498457   96.706427   96.77137391 97.0447085  95.43758986
 96.40130362 96.31553132 96.63320351 96.32682662 96.51190938 97.18853015
 96.37843355 96.60446517 96.18893294 96.38754847 96.68152214 95.865937
 96.55923243 96.25150085 96.83044767 96.2688668  96.38186165 96.64098023
 95.85135558 95.85715126 96.25133177 96.34000812 96.54115774 96.8860477
 96.24770632 96.57983084 96.74239226 96.72421029 97.30940555 95.12801325
 96.4168839  96.60250956 96.3820637  96.56269424 96.34315541 96.36342732
 96.34664675 96.85825011 96.0128734  96.56088916 96.68144834 96.48012442
 96.55109343 96.38352698 96.27616233 96.498457   96.706427   96.77137391
 97.0447085  95.43758986 96.40130362 96.31553132 96.63320351 96.32682662
 96.51190938 97.18853015 96.37843355 96.60446517 96.18893294 96.38754847
 96.68152214 95.865937   96.55923243 96.25150085 96.83044767 96.2688668
 96.38186165 96.64098023 95.85135558 95.85715126 96.25133177 96.34000812
 96.54115774 96.8860477  96.24770632 96.57983084 96.74239226 96.72421029
 97.30940555 95.12801325 96.4168839  96.60250956 96.3820637  96.56269424
 96.34315541 96.36342732 96.34664675 96.85825011 96.0128734  96.56088916
 96.68144834 96.48012442 96.55109343 96.38352698 96.27616233 96.498457
 96.706427   96.77137391 97.0447085  95.43758986 96.40130362 96.31553132
 96.63320351 96.32682662 96.51190938 97.18853015 96.37843355 96.60446517
 96.18893294 96.38754847 96.68152214 95.865937   96.55923243 96.25150085
 96.83044767 96.2688668 ]
最小値:95.12801324907012
入力値:[24, 16]
経過時間:285.2591435909271sec
num_evaluation of BBF = 200.0
 input
[[3, 81], [5, 55], [17, 2], [2, 24], [4, 67], [6, 44], [8, 34], [19, 88], [30, 93], [16, 53], [39, 0], [19, 0], [17, 5], [17, 0], [21, 93]]
 output
 [ 96.7715172   96.38754847  92.31685541  96.26903094  96.418582
  96.29060037  96.52512906  96.48482048  96.70666574  96.36342732
  96.78032572 105.11526785  94.10450293 104.6518855   96.27038317]
最小値:92.31685541285962
入力値:[17, 2]
経過時間:63.813578844070435sec
num_evaluation of BBF = 15.0
 input
[[3, 81], [5, 55], [17, 2], [2, 24], [4, 67], [6, 44], [8, 34], [19, 88], [30, 93], [16, 53], [39, 0], [19, 0], [17, 5], [17, 0], [21, 93], [27, 33], [21, 12], [16, 9], [3, 43], [14, 43], [8, 33], [14, 51], [25, 22], [3, 32], [30, 93], [20, 88], [3, 52], [35, 25], [22, 33], [37, 26]]
 output
 [ 96.7715172   96.38754847  92.31685541  96.26903094  96.418582
  96.29060037  96.52512906  96.48482048  96.70666574  96.36342732
  96.78032572 105.11526785  94.10450293 104.6518855   96.27038317
  96.60359618  95.08915288 100.18064123  96.26385787  96.01129733
  96.51564137  96.54598222  96.52263474  96.4807456   96.70666574
  96.48667015  96.49135621  96.62724708  96.42427731  96.95660908]
最小値:92.31685541285962
入力値:[17, 2]
経過時間:67.70560383796692sec
num_evaluation of BBF = 30.0
 input
[[3, 81], [5, 55], [17, 2], [2, 24], [4, 67], [6, 44], [8, 34], [19, 88], [30, 93], [16, 53], [39, 0], [19, 0], [17, 5], [17, 0], [21, 93], [27, 33], [21, 12], [16, 9], [3, 43], [14, 43], [8, 33], [14, 51], [25, 22], [3, 32], [30, 93], [20, 88], [3, 52], [35, 25], [22, 33], [37, 26], [27, 33], [21, 12], [16, 9], [3, 43], [14, 43], [8, 33], [14, 51], [25, 22], [3, 32], [30, 93], [20, 88], [3, 52], [35, 25], [22, 33], [37, 26], [24, 88], [19, 71], [21, 79], [20, 69], [18, 45]]
 output
 [ 96.7715172   96.38754847  92.31685541  96.26903094  96.418582
  96.29060037  96.52512906  96.48482048  96.70666574  96.36342732
  96.78032572 105.11526785  94.10450293 104.6518855   96.27038317
  96.60359618  95.08915288 100.18064123  96.26385787  96.01129733
  96.51564137  96.54598222  96.52263474  96.4807456   96.70666574
  96.48667015  96.49135621  96.62724708  96.42427731  96.95660908
  96.60359618  95.08915288 100.18064123  96.26385787  96.01129733
  96.51564137  96.54598222  96.52263474  96.4807456   96.70666574
  96.48667015  96.49135621  96.62724708  96.42427731  96.95660908
  96.39601006  96.60626824  96.57987466  96.45189164  96.45257139]
最小値:92.31685541285962
入力値:[17, 2]
経過時間:92.14525532722473sec
num_evaluation of BBF = 50.0
 input
[[3, 81], [5, 55], [17, 2], [2, 24], [4, 67], [6, 44], [8, 34], [19, 88], [30, 93], [16, 53], [39, 0], [19, 0], [17, 5], [17, 0], [21, 93], [27, 33], [21, 12], [16, 9], [3, 43], [14, 43], [8, 33], [14, 51], [25, 22], [3, 32], [30, 93], [20, 88], [3, 52], [35, 25], [22, 33], [37, 26], [27, 33], [21, 12], [16, 9], [3, 43], [14, 43], [8, 33], [14, 51], [25, 22], [3, 32], [30, 93], [20, 88], [3, 52], [35, 25], [22, 33], [37, 26], [24, 88], [19, 71], [21, 79], [20, 69], [18, 45], [27, 33], [21, 12], [16, 9], [3, 43], [14, 43], [8, 33], [14, 51], [25, 22], [3, 32], [30, 93], [20, 88], [3, 52], [35, 25], [22, 33], [37, 26], [24, 88], [19, 71], [21, 79], [20, 69], [18, 45], [27, 78], [22, 39], [36, 34], [39, 44], [13, 40], [15, 36], [33, 70], [18, 70], [2, 9], [18, 53], [32, 61], [33, 94], [31, 21], [1, 62], [11, 7], [24, 24], [23, 8], [17, 88], [13, 14], [9, 96], [8, 62], [9, 79], [11, 25], [0, 86], [5, 91], [33, 85], [7, 6], [25, 86], [8, 83], [17, 11]]
 output
 [ 96.7715172   96.38754847  92.31685541  96.26903094  96.418582
  96.29060037  96.52512906  96.48482048  96.70666574  96.36342732
  96.78032572 105.11526785  94.10450293 104.6518855   96.27038317
  96.60359618  95.08915288 100.18064123  96.26385787  96.01129733
  96.51564137  96.54598222  96.52263474  96.4807456   96.70666574
  96.48667015  96.49135621  96.62724708  96.42427731  96.95660908
  96.60359618  95.08915288 100.18064123  96.26385787  96.01129733
  96.51564137  96.54598222  96.52263474  96.4807456   96.70666574
  96.48667015  96.49135621  96.62724708  96.42427731  96.95660908
  96.39601006  96.60626824  96.57987466  96.45189164  96.45257139
  96.60359618  95.08915288 100.18064123  96.26385787  96.01129733
  96.51564137  96.54598222  96.52263474  96.4807456   96.70666574
  96.48667015  96.49135621  96.62724708  96.42427731  96.95660908
  96.39601006  96.60626824  96.57987466  96.45189164  96.45257139
  96.56075987  96.6876633   95.57413534  96.10574158  96.31008951
  96.43730385  96.60286929  96.43155926  96.64689155  96.65369051
  96.51804182  96.51385538  96.44884326  96.53238727  95.34991532
  96.16354055  96.97489371  96.49284909  95.91852358  96.49474408
  95.49414192  96.5264287   96.66007403  96.73462825  96.5796348
  96.22309945  97.99244664  96.42941     96.50608808  98.08912657]
最小値:92.31685541285962
入力値:[17, 2]
経過時間:245.206964969635sec
num_evaluation of BBF = 100.0
 input
[[3, 81], [5, 55], [17, 2], [2, 24], [4, 67], [6, 44], [8, 34], [19, 88], [30, 93], [16, 53], [39, 0], [19, 0], [17, 5], [17, 0], [21, 93], [27, 33], [21, 12], [16, 9], [3, 43], [14, 43], [8, 33], [14, 51], [25, 22], [3, 32], [30, 93], [20, 88], [3, 52], [35, 25], [22, 33], [37, 26], [27, 33], [21, 12], [16, 9], [3, 43], [14, 43], [8, 33], [14, 51], [25, 22], [3, 32], [30, 93], [20, 88], [3, 52], [35, 25], [22, 33], [37, 26], [24, 88], [19, 71], [21, 79], [20, 69], [18, 45], [27, 33], [21, 12], [16, 9], [3, 43], [14, 43], [8, 33], [14, 51], [25, 22], [3, 32], [30, 93], [20, 88], [3, 52], [35, 25], [22, 33], [37, 26], [24, 88], [19, 71], [21, 79], [20, 69], [18, 45], [27, 78], [22, 39], [36, 34], [39, 44], [13, 40], [15, 36], [33, 70], [18, 70], [2, 9], [18, 53], [32, 61], [33, 94], [31, 21], [1, 62], [11, 7], [24, 24], [23, 8], [17, 88], [13, 14], [9, 96], [8, 62], [9, 79], [11, 25], [0, 86], [5, 91], [33, 85], [7, 6], [25, 86], [8, 83], [17, 11], [27, 33], [21, 12], [16, 9], [3, 43], [14, 43], [8, 33], [14, 51], [25, 22], [3, 32], [30, 93], [20, 88], [3, 52], [35, 25], [22, 33], [37, 26], [24, 88], [19, 71], [21, 79], [20, 69], [18, 45], [27, 78], [22, 39], [36, 34], [39, 44], [13, 40], [15, 36], [33, 70], [18, 70], [2, 9], [18, 53], [32, 61], [33, 94], [31, 21], [1, 62], [11, 7], [24, 24], [23, 8], [17, 88], [13, 14], [9, 96], [8, 62], [9, 79], [11, 25], [0, 86], [5, 91], [33, 85], [7, 6], [25, 86], [8, 83], [17, 11]]
 output
 [ 96.7715172   96.38754847  92.31685541  96.26903094  96.418582
  96.29060037  96.52512906  96.48482048  96.70666574  96.36342732
  96.78032572 105.11526785  94.10450293 104.6518855   96.27038317
  96.60359618  95.08915288 100.18064123  96.26385787  96.01129733
  96.51564137  96.54598222  96.52263474  96.4807456   96.70666574
  96.48667015  96.49135621  96.62724708  96.42427731  96.95660908
  96.60359618  95.08915288 100.18064123  96.26385787  96.01129733
  96.51564137  96.54598222  96.52263474  96.4807456   96.70666574
  96.48667015  96.49135621  96.62724708  96.42427731  96.95660908
  96.39601006  96.60626824  96.57987466  96.45189164  96.45257139
  96.60359618  95.08915288 100.18064123  96.26385787  96.01129733
  96.51564137  96.54598222  96.52263474  96.4807456   96.70666574
  96.48667015  96.49135621  96.62724708  96.42427731  96.95660908
  96.39601006  96.60626824  96.57987466  96.45189164  96.45257139
  96.56075987  96.6876633   95.57413534  96.10574158  96.31008951
  96.43730385  96.60286929  96.43155926  96.64689155  96.65369051
  96.51804182  96.51385538  96.44884326  96.53238727  95.34991532
  96.16354055  96.97489371  96.49284909  95.91852358  96.49474408
  95.49414192  96.5264287   96.66007403  96.73462825  96.5796348
  96.22309945  97.99244664  96.42941     96.50608808  98.08912657
  96.60359618  95.08915288 100.18064123  96.26385787  96.01129733
  96.51564137  96.54598222  96.52263474  96.4807456   96.70666574
  96.48667015  96.49135621  96.62724708  96.42427731  96.95660908
  96.39601006  96.60626824  96.57987466  96.45189164  96.45257139
  96.56075987  96.6876633   95.57413534  96.10574158  96.31008951
  96.43730385  96.60286929  96.43155926  96.64689155  96.65369051
  96.51804182  96.51385538  96.44884326  96.53238727  95.34991532
  96.16354055  96.97489371  96.49284909  95.91852358  96.49474408
  95.49414192  96.5264287   96.66007403  96.73462825  96.5796348
  96.22309945  97.99244664  96.42941     96.50608808  98.08912657]
最小値:92.31685541285962
入力値:[17, 2]
経過時間:259.51237320899963sec
num_evaluation of BBF = 150.0
 input
[[3, 81], [5, 55], [17, 2], [2, 24], [4, 67], [6, 44], [8, 34], [19, 88], [30, 93], [16, 53], [39, 0], [19, 0], [17, 5], [17, 0], [21, 93], [27, 33], [21, 12], [16, 9], [3, 43], [14, 43], [8, 33], [14, 51], [25, 22], [3, 32], [30, 93], [20, 88], [3, 52], [35, 25], [22, 33], [37, 26], [27, 33], [21, 12], [16, 9], [3, 43], [14, 43], [8, 33], [14, 51], [25, 22], [3, 32], [30, 93], [20, 88], [3, 52], [35, 25], [22, 33], [37, 26], [24, 88], [19, 71], [21, 79], [20, 69], [18, 45], [27, 33], [21, 12], [16, 9], [3, 43], [14, 43], [8, 33], [14, 51], [25, 22], [3, 32], [30, 93], [20, 88], [3, 52], [35, 25], [22, 33], [37, 26], [24, 88], [19, 71], [21, 79], [20, 69], [18, 45], [27, 78], [22, 39], [36, 34], [39, 44], [13, 40], [15, 36], [33, 70], [18, 70], [2, 9], [18, 53], [32, 61], [33, 94], [31, 21], [1, 62], [11, 7], [24, 24], [23, 8], [17, 88], [13, 14], [9, 96], [8, 62], [9, 79], [11, 25], [0, 86], [5, 91], [33, 85], [7, 6], [25, 86], [8, 83], [17, 11], [27, 33], [21, 12], [16, 9], [3, 43], [14, 43], [8, 33], [14, 51], [25, 22], [3, 32], [30, 93], [20, 88], [3, 52], [35, 25], [22, 33], [37, 26], [24, 88], [19, 71], [21, 79], [20, 69], [18, 45], [27, 78], [22, 39], [36, 34], [39, 44], [13, 40], [15, 36], [33, 70], [18, 70], [2, 9], [18, 53], [32, 61], [33, 94], [31, 21], [1, 62], [11, 7], [24, 24], [23, 8], [17, 88], [13, 14], [9, 96], [8, 62], [9, 79], [11, 25], [0, 86], [5, 91], [33, 85], [7, 6], [25, 86], [8, 83], [17, 11], [27, 33], [21, 12], [16, 9], [3, 43], [14, 43], [8, 33], [14, 51], [25, 22], [3, 32], [30, 93], [20, 88], [3, 52], [35, 25], [22, 33], [37, 26], [24, 88], [19, 71], [21, 79], [20, 69], [18, 45], [27, 78], [22, 39], [36, 34], [39, 44], [13, 40], [15, 36], [33, 70], [18, 70], [2, 9], [18, 53], [32, 61], [33, 94], [31, 21], [1, 62], [11, 7], [24, 24], [23, 8], [17, 88], [13, 14], [9, 96], [8, 62], [9, 79], [11, 25], [0, 86], [5, 91], [33, 85], [7, 6], [25, 86], [8, 83], [17, 11]]
 output
 [ 96.7715172   96.38754847  92.31685541  96.26903094  96.418582
  96.29060037  96.52512906  96.48482048  96.70666574  96.36342732
  96.78032572 105.11526785  94.10450293 104.6518855   96.27038317
  96.60359618  95.08915288 100.18064123  96.26385787  96.01129733
  96.51564137  96.54598222  96.52263474  96.4807456   96.70666574
  96.48667015  96.49135621  96.62724708  96.42427731  96.95660908
  96.60359618  95.08915288 100.18064123  96.26385787  96.01129733
  96.51564137  96.54598222  96.52263474  96.4807456   96.70666574
  96.48667015  96.49135621  96.62724708  96.42427731  96.95660908
  96.39601006  96.60626824  96.57987466  96.45189164  96.45257139
  96.60359618  95.08915288 100.18064123  96.26385787  96.01129733
  96.51564137  96.54598222  96.52263474  96.4807456   96.70666574
  96.48667015  96.49135621  96.62724708  96.42427731  96.95660908
  96.39601006  96.60626824  96.57987466  96.45189164  96.45257139
  96.56075987  96.6876633   95.57413534  96.10574158  96.31008951
  96.43730385  96.60286929  96.43155926  96.64689155  96.65369051
  96.51804182  96.51385538  96.44884326  96.53238727  95.34991532
  96.16354055  96.97489371  96.49284909  95.91852358  96.49474408
  95.49414192  96.5264287   96.66007403  96.73462825  96.5796348
  96.22309945  97.99244664  96.42941     96.50608808  98.08912657
  96.60359618  95.08915288 100.18064123  96.26385787  96.01129733
  96.51564137  96.54598222  96.52263474  96.4807456   96.70666574
  96.48667015  96.49135621  96.62724708  96.42427731  96.95660908
  96.39601006  96.60626824  96.57987466  96.45189164  96.45257139
  96.56075987  96.6876633   95.57413534  96.10574158  96.31008951
  96.43730385  96.60286929  96.43155926  96.64689155  96.65369051
  96.51804182  96.51385538  96.44884326  96.53238727  95.34991532
  96.16354055  96.97489371  96.49284909  95.91852358  96.49474408
  95.49414192  96.5264287   96.66007403  96.73462825  96.5796348
  96.22309945  97.99244664  96.42941     96.50608808  98.08912657
  96.60359618  95.08915288 100.18064123  96.26385787  96.01129733
  96.51564137  96.54598222  96.52263474  96.4807456   96.70666574
  96.48667015  96.49135621  96.62724708  96.42427731  96.95660908
  96.39601006  96.60626824  96.57987466  96.45189164  96.45257139
  96.56075987  96.6876633   95.57413534  96.10574158  96.31008951
  96.43730385  96.60286929  96.43155926  96.64689155  96.65369051
  96.51804182  96.51385538  96.44884326  96.53238727  95.34991532
  96.16354055  96.97489371  96.49284909  95.91852358  96.49474408
  95.49414192  96.5264287   96.66007403  96.73462825  96.5796348
  96.22309945  97.99244664  96.42941     96.50608808  98.08912657]
最小値:92.31685541285962
入力値:[17, 2]
経過時間:287.7777292728424sec
num_evaluation of BBF = 200.0
 input
[[35, 17], [33, 58], [23, 14], [9, 67], [35, 61], [0, 55], [14, 58], [15, 78], [24, 26], [25, 78], [37, 9], [25, 63], [39, 19], [23, 17], [20, 17]]
 output
 [95.94890256 96.29743749 96.51261553 96.78503824 96.60024064 96.34883948
 96.62483151 96.57624763 96.38352698 96.59869305 97.16845988 96.78166321
 96.29150934 95.23849246 97.02515712]
最小値:95.2384924603425
入力値:[23, 17]
経過時間:64.66119194030762sec
num_evaluation of BBF = 15.0
 input
[[35, 17], [33, 58], [23, 14], [9, 67], [35, 61], [0, 55], [14, 58], [15, 78], [24, 26], [25, 78], [37, 9], [25, 63], [39, 19], [23, 17], [20, 17], [24, 38], [20, 83], [27, 49], [28, 52], [23, 20], [22, 95], [23, 52], [22, 1], [34, 1], [31, 78], [24, 90], [2, 18], [3, 88], [1, 1], [6, 0]]
 output
 [95.94890256 96.29743749 96.51261553 96.78503824 96.60024064 96.34883948
 96.62483151 96.57624763 96.38352698 96.59869305 97.16845988 96.78166321
 96.29150934 95.23849246 97.02515712 95.95033194 96.57983084 96.46839799
 96.48912142 96.26503317 96.63130023 96.29938698 96.05068065 96.63581954
 96.51165188 96.27258919 96.13144055 97.02884154 96.58560996 96.99187819]
最小値:95.2384924603425
入力値:[23, 17]
経過時間:65.6365864276886sec
num_evaluation of BBF = 30.0
 input
[[35, 17], [33, 58], [23, 14], [9, 67], [35, 61], [0, 55], [14, 58], [15, 78], [24, 26], [25, 78], [37, 9], [25, 63], [39, 19], [23, 17], [20, 17], [24, 38], [20, 83], [27, 49], [28, 52], [23, 20], [22, 95], [23, 52], [22, 1], [34, 1], [31, 78], [24, 90], [2, 18], [3, 88], [1, 1], [6, 0], [17, 0], [11, 0], [30, 0], [8, 0], [12, 96], [32, 1], [21, 0], [23, 32], [22, 31], [29, 32], [13, 86], [26, 96], [19, 96], [36, 0], [38, 96], [10, 96], [5, 95], [4, 1], [7, 96], [18, 96]]
 output
 [ 95.94890256  96.29743749  96.51261553  96.78503824  96.60024064
  96.34883948  96.62483151  96.57624763  96.38352698  96.59869305
  97.16845988  96.78166321  96.29150934  95.23849246  97.02515712
  95.95033194  96.57983084  96.46839799  96.48912142  96.26503317
  96.63130023  96.29938698  96.05068065  96.63581954  96.51165188
  96.27258919  96.13144055  97.02884154  96.58560996  96.99187819
 104.6518855   96.83249285  96.58643959  97.25357367  96.50686056
  96.62236584 103.41791209  96.46711149  96.38473347  95.44061943
  96.5991215   96.51619722  96.51855001  96.7642874   96.51190938
  96.49800705  96.47846933  96.57269073  96.49078009  96.52532556]
最小値:95.2384924603425
入力値:[23, 17]
経過時間:94.18416738510132sec
num_evaluation of BBF = 50.0
 input
[[35, 17], [33, 58], [23, 14], [9, 67], [35, 61], [0, 55], [14, 58], [15, 78], [24, 26], [25, 78], [37, 9], [25, 63], [39, 19], [23, 17], [20, 17], [24, 38], [20, 83], [27, 49], [28, 52], [23, 20], [22, 95], [23, 52], [22, 1], [34, 1], [31, 78], [24, 90], [2, 18], [3, 88], [1, 1], [6, 0], [17, 0], [11, 0], [30, 0], [8, 0], [12, 96], [32, 1], [21, 0], [23, 32], [22, 31], [29, 32], [13, 86], [26, 96], [19, 96], [36, 0], [38, 96], [10, 96], [5, 95], [4, 1], [7, 96], [18, 96], [15, 96], [13, 55], [15, 95], [34, 15], [17, 8], [16, 96], [29, 96], [2, 96], [31, 95], [39, 94], [33, 0], [29, 0], [14, 0], [2, 0], [2, 2], [20, 64], [2, 1], [11, 93], [16, 1], [16, 0], [15, 1], [27, 95], [26, 57], [26, 73], [11, 35], [37, 16], [17, 7], [3, 16], [37, 68], [5, 49], [33, 54], [38, 60], [23, 82], [17, 49], [30, 45], [18, 51], [0, 63], [37, 35], [18, 54], [29, 35], [24, 0], [22, 5], [31, 51], [28, 54], [16, 56], [26, 57], [13, 52], [3, 36], [13, 29], [39, 46]]
 output
 [ 95.94890256  96.29743749  96.51261553  96.78503824  96.60024064
  96.34883948  96.62483151  96.57624763  96.38352698  96.59869305
  97.16845988  96.78166321  96.29150934  95.23849246  97.02515712
  95.95033194  96.57983084  96.46839799  96.48912142  96.26503317
  96.63130023  96.29938698  96.05068065  96.63581954  96.51165188
  96.27258919  96.13144055  97.02884154  96.58560996  96.99187819
 104.6518855   96.83249285  96.58643959  97.25357367  96.50686056
  96.62236584 103.41791209  96.46711149  96.38473347  95.44061943
  96.5991215   96.51619722  96.51855001  96.7642874   96.51190938
  96.49800705  96.47846933  96.57269073  96.49078009  96.52532556
  96.51762039  96.63335538  96.68180541  96.52571523 107.81876735
  96.52166543  96.51206487  96.49798191  96.38291348  96.35405401
  96.64951636  96.60974025  99.81554686  96.67536111  96.49009821
  96.78133775  96.59683933  96.37977291  93.54799016 105.17799724
  93.62857901  96.50045082  96.54807137  96.50690585  96.1294335
  95.6670981  102.52877365  95.38985385  96.81319156  95.84901474
  96.49535624  96.53017864  96.58943192  96.70298057  96.6296334
  96.26680454  96.61528293  96.86367382  96.75514055  95.70146085
  97.67540699  94.22326634  96.62970882  96.56888807  96.43379355
  96.54807137  95.93860697  96.64220664  96.49004658  95.90793839]
最小値:93.54799015758923
入力値:[16, 1]
経過時間:241.43087911605835sec
num_evaluation of BBF = 100.0
 input
[[35, 17], [33, 58], [23, 14], [9, 67], [35, 61], [0, 55], [14, 58], [15, 78], [24, 26], [25, 78], [37, 9], [25, 63], [39, 19], [23, 17], [20, 17], [24, 38], [20, 83], [27, 49], [28, 52], [23, 20], [22, 95], [23, 52], [22, 1], [34, 1], [31, 78], [24, 90], [2, 18], [3, 88], [1, 1], [6, 0], [17, 0], [11, 0], [30, 0], [8, 0], [12, 96], [32, 1], [21, 0], [23, 32], [22, 31], [29, 32], [13, 86], [26, 96], [19, 96], [36, 0], [38, 96], [10, 96], [5, 95], [4, 1], [7, 96], [18, 96], [15, 96], [13, 55], [15, 95], [34, 15], [17, 8], [16, 96], [29, 96], [2, 96], [31, 95], [39, 94], [33, 0], [29, 0], [14, 0], [2, 0], [2, 2], [20, 64], [2, 1], [11, 93], [16, 1], [16, 0], [15, 1], [27, 95], [26, 57], [26, 73], [11, 35], [37, 16], [17, 7], [3, 16], [37, 68], [5, 49], [33, 54], [38, 60], [23, 82], [17, 49], [30, 45], [18, 51], [0, 63], [37, 35], [18, 54], [29, 35], [24, 0], [22, 5], [31, 51], [28, 54], [16, 56], [26, 57], [13, 52], [3, 36], [13, 29], [39, 46], [24, 38], [20, 83], [27, 49], [28, 52], [23, 20], [6, 12], [6, 46], [15, 23], [5, 8], [37, 1], [27, 12], [20, 96], [22, 70], [32, 23], [28, 66], [1, 93], [21, 74], [28, 55], [1, 14], [7, 25], [34, 96], [32, 96], [0, 0], [12, 35], [6, 96], [4, 62], [10, 0], [36, 96], [31, 32], [12, 12], [38, 0], [8, 96], [28, 0], [26, 0], [30, 45], [18, 51], [25, 0], [3, 83], [38, 6], [3, 22], [12, 61], [15, 19], [27, 74], [18, 24], [19, 30], [17, 96], [30, 96], [1, 51], [13, 36], [14, 54]]
 output
 [ 95.94890256  96.29743749  96.51261553  96.78503824  96.60024064
  96.34883948  96.62483151  96.57624763  96.38352698  96.59869305
  97.16845988  96.78166321  96.29150934  95.23849246  97.02515712
  95.95033194  96.57983084  96.46839799  96.48912142  96.26503317
  96.63130023  96.29938698  96.05068065  96.63581954  96.51165188
  96.27258919  96.13144055  97.02884154  96.58560996  96.99187819
 104.6518855   96.83249285  96.58643959  97.25357367  96.50686056
  96.62236584 103.41791209  96.46711149  96.38473347  95.44061943
  96.5991215   96.51619722  96.51855001  96.7642874   96.51190938
  96.49800705  96.47846933  96.57269073  96.49078009  96.52532556
  96.51762039  96.63335538  96.68180541  96.52571523 107.81876735
  96.52166543  96.51206487  96.49798191  96.38291348  96.35405401
  96.64951636  96.60974025  99.81554686  96.67536111  96.49009821
  96.78133775  96.59683933  96.37977291  93.54799016 105.17799724
  93.62857901  96.50045082  96.54807137  96.50690585  96.1294335
  95.6670981  102.52877365  95.38985385  96.81319156  95.84901474
  96.49535624  96.53017864  96.58943192  96.70298057  96.6296334
  96.26680454  96.61528293  96.86367382  96.75514055  95.70146085
  97.67540699  94.22326634  96.62970882  96.56888807  96.43379355
  96.54807137  95.93860697  96.64220664  96.49004658  95.90793839
  95.95033194  96.57983084  96.46839799  96.48912142  96.26503317
  94.33963188  96.26190486  95.46636907  96.89219272  96.68756036
  96.75892951  96.51879402  96.54784691  96.37967545  96.71172589
  96.62981807  96.57149106  96.47741956  95.73336797  95.96633354
  96.5139977   96.51144437  96.75901024  95.93125539  96.49107445
  96.48732865  97.04124849  96.51383473  96.22876154  97.14208714
  96.79649781  96.49152048  96.59812007  95.46251287  96.6296334
  96.26680454  95.49775998  96.83972503  96.82761791  96.51680312
  96.69238577  97.54322301  96.57731063  96.45060236  96.37172047
  96.52358223  96.51019998  96.44933025  96.41199338  96.48837798]
最小値:93.54799015758923
入力値:[16, 1]
経過時間:261.62105107307434sec
num_evaluation of BBF = 150.0
 input
[[35, 17], [33, 58], [23, 14], [9, 67], [35, 61], [0, 55], [14, 58], [15, 78], [24, 26], [25, 78], [37, 9], [25, 63], [39, 19], [23, 17], [20, 17], [24, 38], [20, 83], [27, 49], [28, 52], [23, 20], [22, 95], [23, 52], [22, 1], [34, 1], [31, 78], [24, 90], [2, 18], [3, 88], [1, 1], [6, 0], [17, 0], [11, 0], [30, 0], [8, 0], [12, 96], [32, 1], [21, 0], [23, 32], [22, 31], [29, 32], [13, 86], [26, 96], [19, 96], [36, 0], [38, 96], [10, 96], [5, 95], [4, 1], [7, 96], [18, 96], [15, 96], [13, 55], [15, 95], [34, 15], [17, 8], [16, 96], [29, 96], [2, 96], [31, 95], [39, 94], [33, 0], [29, 0], [14, 0], [2, 0], [2, 2], [20, 64], [2, 1], [11, 93], [16, 1], [16, 0], [15, 1], [27, 95], [26, 57], [26, 73], [11, 35], [37, 16], [17, 7], [3, 16], [37, 68], [5, 49], [33, 54], [38, 60], [23, 82], [17, 49], [30, 45], [18, 51], [0, 63], [37, 35], [18, 54], [29, 35], [24, 0], [22, 5], [31, 51], [28, 54], [16, 56], [26, 57], [13, 52], [3, 36], [13, 29], [39, 46], [24, 38], [20, 83], [27, 49], [28, 52], [23, 20], [6, 12], [6, 46], [15, 23], [5, 8], [37, 1], [27, 12], [20, 96], [22, 70], [32, 23], [28, 66], [1, 93], [21, 74], [28, 55], [1, 14], [7, 25], [34, 96], [32, 96], [0, 0], [12, 35], [6, 96], [4, 62], [10, 0], [36, 96], [31, 32], [12, 12], [38, 0], [8, 96], [28, 0], [26, 0], [30, 45], [18, 51], [25, 0], [3, 83], [38, 6], [3, 22], [12, 61], [15, 19], [27, 74], [18, 24], [19, 30], [17, 96], [30, 96], [1, 51], [13, 36], [14, 54], [24, 38], [20, 83], [27, 49], [28, 52], [23, 20], [6, 12], [15, 68], [11, 66], [5, 30], [30, 22], [32, 25], [30, 55], [0, 52], [34, 15], [37, 23], [27, 12], [24, 19], [36, 70], [26, 13], [17, 67], [3, 5], [23, 4], [19, 16], [26, 87], [34, 2], [16, 75], [16, 80], [10, 86], [2, 8], [33, 58], [25, 28], [25, 75], [38, 90], [6, 72], [15, 54], [8, 43], [14, 64], [7, 89], [17, 58], [12, 27], [33, 8], [7, 0], [31, 0], [33, 96], [9, 0], [14, 96], [35, 96], [0, 96], [4, 96], [2, 56]]
 output
 [ 95.94890256  96.29743749  96.51261553  96.78503824  96.60024064
  96.34883948  96.62483151  96.57624763  96.38352698  96.59869305
  97.16845988  96.78166321  96.29150934  95.23849246  97.02515712
  95.95033194  96.57983084  96.46839799  96.48912142  96.26503317
  96.63130023  96.29938698  96.05068065  96.63581954  96.51165188
  96.27258919  96.13144055  97.02884154  96.58560996  96.99187819
 104.6518855   96.83249285  96.58643959  97.25357367  96.50686056
  96.62236584 103.41791209  96.46711149  96.38473347  95.44061943
  96.5991215   96.51619722  96.51855001  96.7642874   96.51190938
  96.49800705  96.47846933  96.57269073  96.49078009  96.52532556
  96.51762039  96.63335538  96.68180541  96.52571523 107.81876735
  96.52166543  96.51206487  96.49798191  96.38291348  96.35405401
  96.64951636  96.60974025  99.81554686  96.67536111  96.49009821
  96.78133775  96.59683933  96.37977291  93.54799016 105.17799724
  93.62857901  96.50045082  96.54807137  96.50690585  96.1294335
  95.6670981  102.52877365  95.38985385  96.81319156  95.84901474
  96.49535624  96.53017864  96.58943192  96.70298057  96.6296334
  96.26680454  96.61528293  96.86367382  96.75514055  95.70146085
  97.67540699  94.22326634  96.62970882  96.56888807  96.43379355
  96.54807137  95.93860697  96.64220664  96.49004658  95.90793839
  95.95033194  96.57983084  96.46839799  96.48912142  96.26503317
  94.33963188  96.26190486  95.46636907  96.89219272  96.68756036
  96.75892951  96.51879402  96.54784691  96.37967545  96.71172589
  96.62981807  96.57149106  96.47741956  95.73336797  95.96633354
  96.5139977   96.51144437  96.75901024  95.93125539  96.49107445
  96.48732865  97.04124849  96.51383473  96.22876154  97.14208714
  96.79649781  96.49152048  96.59812007  95.46251287  96.6296334
  96.26680454  95.49775998  96.83972503  96.82761791  96.51680312
  96.69238577  97.54322301  96.57731063  96.45060236  96.37172047
  96.52358223  96.51019998  96.44933025  96.41199338  96.48837798
  95.95033194  96.57983084  96.46839799  96.48912142  96.26503317
  94.33963188  96.32804535  96.42752125  96.18133399  95.62980204
  96.37013437  96.23557358  96.44688102  96.52571523  96.60724745
  96.75892951  96.57830742  96.5756152   96.43107976  96.32558774
  97.07712583  95.23323603  97.25755012  96.3537686   96.66432877
  96.54982989  96.54740139  96.32312065  96.99369949  96.29743749
  96.18115521  96.60061526  96.90387516  96.63225719  96.56192569
  96.36582287  96.08028791  96.56739757  96.17599044  96.553004
  96.80843885  97.11216094  96.53368076  96.51200301  97.35321385
  96.5119711   96.51254426  96.50961003  96.48872992  96.60222574]
最小値:93.54799015758923
入力値:[16, 1]
経過時間:284.8488178253174sec
num_evaluation of BBF = 200.0