
 input_history 
[[0, 67], [3, 9], [19, 21], [36, 87], [6, 88], [24, 12], [1, 39], [23, 46], [24, 81], [37, 25], [13, 72], [9, 20], [16, 69], [15, 47], [0, 82]]
最小値:95.84721020005624
入力値:[15, 47]
経過時間:61.6106698513031sec
num_evaluation of BBF = 15.0
 input_history 
[[9, 20], [16, 69], [15, 47], [0, 82], [35, 88], [29, 19], [19, 14], [39, 32], [1, 9], [32, 31], [10, 23], [35, 75], [28, 34], [0, 0], [36, 53]]
最小値:95.84721020005624
入力値:[15, 47]
経過時間:72.39551901817322sec
num_evaluation of BBF = 30.0
 input_history 
[[35, 75], [28, 34], [0, 0], [36, 53], [5, 38], [17, 79], [4, 42], [31, 1], [1, 41], [35, 11], [18, 91], [0, 14], [35, 53], [12, 42], [20, 75], [4, 6], [4, 47], [3, 76], [36, 52], [14, 15]]
最小値:94.80666295532332
入力値:[1, 41]
経過時間:86.94188189506531sec
num_evaluation of BBF = 50.0
 input_history 
[[20, 75], [4, 6], [4, 47], [3, 76], [36, 52], [14, 15], [20, 58], [23, 79], [13, 85], [5, 41], [35, 64], [31, 69], [30, 0], [36, 34], [29, 3], [34, 42], [13, 21], [9, 0], [10, 43], [23, 59], [2, 62], [35, 94], [3, 82], [35, 20], [17, 50], [27, 14], [1, 36], [10, 86], [11, 2], [16, 32], [0, 38], [19, 46], [13, 30], [24, 2], [3, 94], [34, 13], [8, 19], [31, 72], [26, 66], [3, 61], [14, 96], [4, 67], [11, 86], [13, 75], [16, 24], [29, 21], [25, 80], [19, 33], [32, 70], [21, 31]]
最小値:93.4474428538863
入力値:[24, 2]
経過時間:230.20818543434143sec
num_evaluation of BBF = 100.0
 input_history 
[[2, 3], [30, 13], [8, 19], [31, 72], [26, 66], [3, 61], [14, 96], [4, 67], [11, 86], [13, 75], [16, 24], [29, 21], [25, 80], [19, 33], [32, 70], [21, 31], [13, 71], [24, 79], [18, 40], [15, 11], [38, 93], [1, 95], [24, 24], [3, 82], [3, 76], [38, 35], [22, 61], [5, 87], [32, 11], [20, 10], [37, 28], [2, 27], [19, 89], [23, 53], [20, 53], [29, 67], [35, 39], [9, 73], [23, 3], [26, 50], [3, 31], [9, 10], [27, 45], [7, 39], [21, 44], [34, 34], [24, 33], [5, 36], [0, 75], [34, 69]]
最小値:92.50214612274466
入力値:[20, 10]
経過時間:246.01515769958496sec
num_evaluation of BBF = 150.0
 input_history 
[[28, 2], [27, 83], [25, 23], [20, 53], [29, 67], [35, 39], [9, 73], [23, 3], [26, 50], [3, 31], [9, 10], [27, 45], [7, 39], [21, 44], [34, 34], [24, 33], [5, 36], [0, 75], [34, 69], [16, 62], [8, 61], [1, 81], [35, 91], [36, 48], [25, 67], [39, 35], [30, 29], [33, 18], [17, 93], [20, 2], [5, 12], [2, 91], [21, 39], [39, 75], [22, 30], [17, 70], [7, 18], [28, 43], [19, 49], [29, 46], [21, 73], [25, 96], [27, 73], [28, 81], [0, 86], [16, 36], [30, 24], [3, 51], [8, 56], [27, 93]]
最小値:92.50214612274466
入力値:[20, 10]
経過時間:213.84754967689514sec
num_evaluation of BBF = 200.0
 input_history 
[[37, 12], [8, 9], [11, 5], [15, 64], [16, 1], [12, 71], [6, 25], [20, 18], [20, 11], [28, 29], [14, 50], [4, 87], [23, 94], [32, 86], [13, 9]]
最小値:93.54799015758923
入力値:[16, 1]
経過時間:61.777366399765015sec
num_evaluation of BBF = 15.0
 input_history 
[[4, 87], [23, 94], [32, 86], [13, 9], [7, 63], [22, 57], [1, 0], [17, 8], [24, 13], [8, 30], [7, 3], [6, 21], [3, 68], [24, 43], [12, 26]]
最小値:93.54799015758923
入力値:[16, 1]
経過時間:63.54779624938965sec
num_evaluation of BBF = 30.0
 input_history 
[[30, 71], [3, 70], [21, 49], [3, 68], [24, 43], [12, 26], [16, 41], [18, 15], [0, 68], [25, 87], [7, 26], [25, 22], [9, 67], [39, 23], [36, 27], [37, 57], [19, 38], [8, 32], [34, 10], [23, 15]]
最小値:93.54799015758923
入力値:[16, 1]
経過時間:83.31178617477417sec
num_evaluation of BBF = 50.0
 input_history 
[[37, 57], [19, 38], [8, 32], [34, 10], [23, 15], [23, 25], [7, 92], [10, 62], [32, 88], [23, 55], [1, 77], [3, 0], [13, 6], [21, 70], [2, 76], [27, 21], [11, 7], [13, 72], [11, 76], [20, 30], [36, 7], [4, 57], [18, 96], [13, 10], [23, 81], [7, 24], [10, 92], [20, 32], [12, 65], [30, 60], [24, 82], [33, 2], [28, 10], [32, 82], [22, 70], [2, 71], [39, 48], [15, 5], [17, 42], [20, 48], [22, 13], [33, 53], [20, 10], [32, 55], [25, 21], [39, 96], [19, 25], [14, 13], [20, 43], [6, 77]]
最小値:92.50214612274466
入力値:[20, 10]
経過時間:208.30320858955383sec
num_evaluation of BBF = 100.0
 input_history 
[[20, 48], [22, 13], [33, 53], [20, 10], [32, 55], [25, 21], [39, 96], [19, 25], [14, 13], [20, 43], [6, 77], [15, 24], [9, 66], [7, 53], [5, 36], [37, 21], [13, 91], [13, 40], [14, 45], [23, 16], [28, 45], [3, 66], [14, 46], [0, 29], [11, 35], [29, 33], [2, 84], [19, 48], [32, 28], [18, 31], [28, 94], [10, 8], [35, 32], [8, 84], [13, 50], [15, 41], [0, 83], [24, 20], [15, 30], [27, 14], [19, 26], [22, 7], [35, 53], [34, 32], [19, 67], [24, 83], [37, 94], [38, 47], [39, 5], [15, 63]]
最小値:92.50214612274466
入力値:[20, 10]
経過時間:209.6923544406891sec
num_evaluation of BBF = 150.0
 input_history 
[[24, 20], [15, 30], [27, 14], [19, 26], [22, 7], [35, 53], [34, 32], [19, 67], [24, 83], [37, 94], [38, 47], [39, 5], [15, 63], [23, 32], [10, 66], [24, 30], [17, 68], [0, 60], [14, 17], [39, 35], [17, 28], [22, 38], [10, 77], [6, 25], [38, 48], [0, 86], [16, 19], [9, 92], [10, 68], [23, 14], [21, 46], [3, 56], [24, 80], [15, 71], [14, 77], [15, 25], [20, 58], [21, 29], [37, 22], [27, 54], [12, 12], [26, 76], [7, 87], [39, 43], [12, 38], [27, 69], [34, 33], [26, 56], [5, 73], [25, 27]]
最小値:92.50214612274466
入力値:[20, 10]
経過時間:210.67890787124634sec
num_evaluation of BBF = 200.0
 input_history 
[[15, 72], [22, 43], [18, 75], [7, 34], [31, 75], [21, 47], [31, 90], [20, 37], [39, 67], [38, 4], [39, 38], [33, 58], [3, 69], [24, 68], [6, 95]]
最小値:95.86993948574141
入力値:[3, 69]
経過時間:63.656067848205566sec
num_evaluation of BBF = 15.0
 input_history 
[[39, 38], [33, 58], [3, 69], [24, 68], [6, 95], [19, 31], [2, 80], [12, 50], [4, 90], [15, 49], [39, 46], [8, 50], [15, 8], [17, 22], [9, 57]]
最小値:92.15703058210372
入力値:[15, 8]
経過時間:61.19928503036499sec
num_evaluation of BBF = 30.0
 input_history 
[[8, 50], [15, 8], [17, 22], [9, 57], [26, 62], [19, 96], [32, 26], [8, 76], [10, 40], [34, 60], [9, 70], [22, 70], [19, 56], [18, 1], [4, 40], [17, 61], [6, 18], [20, 90], [23, 22], [37, 74]]
最小値:92.15703058210372
入力値:[15, 8]
経過時間:81.63816785812378sec
num_evaluation of BBF = 50.0
 input_history 
[[6, 19], [18, 1], [4, 40], [17, 61], [6, 18], [20, 90], [23, 22], [37, 74], [8, 90], [35, 91], [32, 16], [21, 43], [29, 80], [6, 74], [37, 59], [17, 15], [30, 77], [26, 39], [20, 22], [36, 27], [0, 62], [28, 36], [11, 50], [9, 7], [18, 1], [15, 91], [32, 49], [9, 78], [30, 95], [32, 16], [21, 43], [34, 21], [19, 92], [33, 8], [22, 88], [11, 1], [5, 59], [7, 80], [28, 79], [17, 37], [31, 34], [16, 42], [36, 22], [19, 95], [17, 45], [8, 37], [9, 21], [36, 39], [39, 83], [26, 36]]
最小値:92.15703058210372
入力値:[15, 8]
経過時間:208.88446497917175sec
num_evaluation of BBF = 100.0
 input_history 
[[19, 92], [33, 8], [22, 88], [11, 1], [5, 59], [7, 80], [28, 79], [17, 37], [31, 34], [16, 42], [36, 22], [19, 95], [17, 45], [8, 37], [9, 21], [36, 39], [39, 83], [26, 36], [38, 19], [8, 78], [27, 67], [15, 2], [22, 5], [5, 82], [37, 93], [12, 92], [6, 44], [5, 16], [5, 52], [26, 83], [39, 25], [36, 15], [21, 18], [22, 93], [14, 64], [5, 87], [33, 71], [32, 82], [29, 79], [28, 20], [26, 80], [6, 38], [24, 6], [21, 85], [36, 63], [19, 4], [34, 76], [15, 39], [21, 1], [28, 23]]
最小値:92.15703058210372
入力値:[15, 8]
経過時間:207.03250098228455sec
num_evaluation of BBF = 150.0
 input_history 
[[33, 71], [32, 82], [29, 79], [28, 20], [26, 80], [6, 38], [24, 6], [21, 85], [36, 63], [19, 4], [34, 76], [15, 39], [21, 1], [28, 23], [36, 81], [18, 92], [27, 38], [10, 26], [33, 2], [38, 96], [21, 76], [19, 53], [18, 8], [11, 41], [23, 27], [16, 4], [12, 61], [34, 23], [19, 31], [17, 89], [9, 59], [0, 8], [10, 8], [37, 46], [35, 78], [15, 54], [6, 95], [29, 34], [33, 13], [12, 47], [19, 58], [2, 31], [35, 50], [26, 10], [27, 42], [35, 42], [3, 93], [0, 5], [10, 11], [30, 81]]
最小値:92.15703058210372
入力値:[15, 8]
経過時間:209.8251988887787sec
num_evaluation of BBF = 200.0
 input_history 
[[24, 3], [8, 0], [21, 19], [10, 41], [10, 21], [38, 96], [20, 44], [29, 39], [14, 26], [17, 90], [22, 66], [2, 63], [1, 51], [26, 69], [33, 29]]
最小値:95.99744504258409
入力値:[14, 26]
経過時間:62.526360511779785sec
num_evaluation of BBF = 15.0
 input_history 
[[2, 63], [1, 51], [26, 69], [33, 29], [24, 62], [7, 43], [33, 79], [37, 20], [30, 49], [21, 78], [28, 54], [0, 64], [18, 63], [37, 56], [7, 37]]
最小値:95.99744504258409
入力値:[14, 26]
経過時間:61.82541227340698sec
num_evaluation of BBF = 30.0
 input_history 
[[28, 54], [0, 64], [18, 63], [37, 56], [7, 37], [33, 1], [21, 74], [36, 91], [16, 80], [32, 16], [18, 75], [32, 95], [13, 37], [30, 48], [33, 52], [2, 28], [36, 90], [10, 54], [36, 91], [21, 56]]
最小値:95.48405685799
入力値:[32, 16]
経過時間:83.13514018058777sec
num_evaluation of BBF = 50.0
 input_history 
[[37, 30], [33, 52], [2, 28], [36, 90], [10, 54], [36, 91], [21, 56], [39, 29], [32, 48], [9, 33], [24, 55], [11, 84], [10, 80], [12, 68], [19, 16], [34, 39], [1, 35], [1, 18], [2, 87], [35, 20], [17, 22], [28, 7], [33, 43], [32, 92], [16, 27], [8, 20], [8, 24], [14, 76], [19, 9], [26, 50], [5, 84], [31, 81], [9, 32], [13, 44], [7, 92], [36, 42], [8, 26], [24, 20], [30, 17], [32, 53], [22, 39], [31, 32], [23, 88], [33, 85], [26, 79], [28, 11], [17, 51], [7, 13], [31, 68], [30, 63]]
最小値:94.56299472411898
入力値:[7, 13]
経過時間:210.2024073600769sec
num_evaluation of BBF = 100.0
 input_history 
[[17, 9], [32, 13], [7, 92], [36, 42], [8, 26], [24, 20], [30, 17], [32, 53], [22, 39], [31, 32], [23, 88], [33, 85], [26, 79], [28, 11], [17, 51], [7, 13], [31, 68], [30, 63], [13, 77], [32, 88], [36, 55], [21, 70], [23, 92], [12, 28], [10, 11], [35, 85], [28, 49], [8, 89], [34, 11], [25, 89], [4, 85], [29, 0], [30, 45], [7, 21], [34, 29], [7, 94], [30, 76], [11, 39], [39, 44], [21, 94], [7, 92], [34, 15], [22, 45], [36, 40], [26, 52], [9, 19], [5, 54], [12, 26], [35, 24], [34, 43]]
最小値:94.56299472411898
入力値:[7, 13]
経過時間:207.90256929397583sec
num_evaluation of BBF = 150.0
 input_history 
[[7, 94], [30, 76], [11, 39], [39, 44], [21, 94], [7, 92], [34, 15], [22, 45], [36, 40], [26, 52], [9, 19], [5, 54], [12, 26], [35, 24], [34, 43], [23, 50], [18, 64], [7, 90], [32, 78], [19, 26], [3, 37], [21, 23], [12, 18], [34, 92], [6, 70], [19, 60], [13, 39], [0, 60], [12, 40], [4, 42], [36, 58], [30, 21], [0, 35], [13, 21], [4, 93], [5, 41], [6, 91], [32, 65], [31, 71], [32, 67], [23, 25], [26, 78], [37, 22], [12, 11], [30, 79], [3, 70], [14, 75], [5, 86], [15, 80], [34, 65]]
最小値:94.56299472411898
入力値:[7, 13]
経過時間:211.03298830986023sec
num_evaluation of BBF = 200.0
 input_history 
[[5, 1], [23, 72], [9, 58], [39, 94], [36, 50], [38, 52], [3, 0], [21, 21], [9, 38], [38, 56], [2, 46], [30, 8], [2, 58], [23, 32], [33, 32]]
最小値:95.49746223746541
入力値:[2, 46]
経過時間:63.23024773597717sec
num_evaluation of BBF = 15.0
 input_history 
[[21, 73], [38, 56], [2, 46], [30, 8], [2, 58], [23, 32], [33, 32], [28, 3], [15, 95], [17, 81], [25, 73], [12, 23], [30, 22], [3, 62], [11, 23]]
最小値:95.49746223746541
入力値:[2, 46]
経過時間:62.60892844200134sec
num_evaluation of BBF = 30.0
 input_history 
[[31, 57], [17, 81], [25, 73], [12, 23], [30, 22], [3, 62], [11, 23], [6, 71], [9, 82], [21, 94], [15, 36], [27, 59], [8, 37], [8, 59], [39, 96], [30, 4], [11, 8], [36, 31], [17, 78], [9, 53]]
最小値:95.49746223746541
入力値:[2, 46]
経過時間:83.21068525314331sec
num_evaluation of BBF = 50.0
 input_history 
[[8, 37], [8, 59], [39, 96], [30, 4], [11, 8], [36, 31], [17, 78], [9, 53], [4, 62], [3, 4], [39, 54], [6, 40], [32, 67], [22, 17], [27, 60], [22, 15], [13, 0], [10, 7], [38, 79], [0, 87], [33, 46], [31, 35], [30, 65], [3, 86], [10, 20], [16, 7], [10, 41], [22, 15], [3, 74], [34, 23], [38, 7], [28, 75], [0, 37], [32, 25], [37, 5], [9, 74], [24, 29], [29, 36], [2, 19], [16, 22], [28, 76], [16, 51], [12, 76], [27, 40], [38, 79], [26, 51], [7, 27], [25, 77], [4, 3], [12, 96]]
最小値:95.49575323344497
入力値:[6, 40]
経過時間:212.78259539604187sec
num_evaluation of BBF = 100.0
 input_history 
[[38, 7], [28, 75], [0, 37], [32, 25], [37, 5], [9, 74], [24, 29], [29, 36], [2, 19], [16, 22], [28, 76], [16, 51], [12, 76], [27, 40], [38, 79], [26, 51], [7, 27], [25, 77], [4, 3], [12, 96], [26, 70], [17, 57], [35, 81], [15, 79], [35, 34], [28, 76], [26, 53], [2, 23], [15, 21], [37, 90], [9, 89], [8, 62], [29, 53], [20, 54], [2, 82], [1, 19], [31, 20], [23, 19], [37, 78], [13, 49], [37, 4], [19, 57], [15, 37], [30, 54], [29, 80], [37, 29], [2, 28], [32, 95], [5, 5], [7, 8]]
最小値:95.34304106697144
入力値:[13, 49]
経過時間:213.96920466423035sec
num_evaluation of BBF = 150.0
 input_history 
[[18, 65], [19, 55], [31, 20], [23, 19], [37, 78], [13, 49], [37, 4], [19, 57], [15, 37], [30, 54], [29, 80], [37, 29], [2, 28], [32, 95], [5, 5], [7, 8], [31, 41], [16, 19], [7, 48], [20, 39], [7, 75], [17, 67], [39, 76], [37, 30], [1, 31], [5, 28], [27, 89], [3, 79], [28, 16], [9, 87], [22, 39], [15, 27], [35, 58], [26, 71], [2, 7], [11, 41], [2, 94], [9, 22], [24, 23], [5, 40], [33, 93], [34, 3], [16, 85], [38, 45], [0, 89], [5, 21], [19, 21], [28, 10], [31, 41], [12, 65]]
最小値:95.34304106697144
入力値:[13, 49]
経過時間:210.0066421031952sec
num_evaluation of BBF = 200.0