
BO_ratio_matrix = 
[[98.87727321 98.3325717  98.23369474 95.30085448 98.31692891]
 [98.87727321 97.79583477 98.23369474 95.30085448 98.31692891]
 [98.726569   97.79583477 98.20287863 95.30085448 98.31692891]
 [96.59583745 97.79583477 98.20287863 95.30085448 96.57178375]
 [96.59583745 96.60222598 98.20287863 95.30085448 96.57178375]
 [96.4373045  96.60222598 98.20287863 95.30085448 96.57178375]]
RS_ratio_matrix = 
[[98.94532251 96.57178375 98.96878648 99.10041346 98.58426949]
 [98.94532251 96.57178375 95.13586356 99.10041346 98.58426949]
 [97.87114119 96.57178375 95.13586356 98.5704308  98.58426949]
 [96.46798641 95.49213443 95.13586356 97.61959676 98.58250524]
 [95.49213443 95.49213443 95.13586356 97.61959676 98.42485689]
 [95.49213443 95.49213443 95.13586356 97.61959676 98.42485689]]
Mean Accumulated PREC(%) 5 times; BBF=[ 15.  30.  50. 100. 150. 200.]
BO_vec=array([97.81226461, 97.70491722, 97.66861316, 96.89343782, 96.65471606,
       96.62300947])
RS_vec=array([98.43411514, 97.66753055, 97.34669776, 96.65961728, 96.43291722,
       96.43291722])
Median Accumulated PREC(%) 5 times; BBF=[ 15.  30.  50. 100. 150. 200.]
BO_vec=array([98.31692891, 98.23369474, 98.20287863, 96.59583745, 96.59583745,
       96.57178375])
RS_vec=array([98.94532251, 98.58426949, 97.87114119, 96.46798641, 95.49213443,
       95.49213443])
Min Accumulated PREC(%) 5 times; BBF=[ 15.  30.  50. 100. 150. 200.]
BO_vec=array([95.30085448, 95.30085448, 95.30085448, 95.30085448, 95.30085448,
       95.30085448])
RS_vec=array([96.57178375, 95.13586356, 95.13586356, 95.13586356, 95.13586356,
       95.13586356])
Max Accumulated PREC(%) 5 times; BBF=[ 15.  30.  50. 100. 150. 200.]
BO_vec=array([98.87727321, 98.87727321, 98.726569  , 98.20287863, 98.20287863,
       98.20287863])
RS_vec=array([99.10041346, 99.10041346, 98.58426949, 98.58250524, 98.42485689,
       98.42485689])