
BO_ratio_matrix = 
[[98.87727321 98.3325717  98.23369474 95.30085448 98.31692891 98.36345475
  98.98972205 98.76817456 98.7981078  97.61959676]
 [98.87727321 97.79583477 98.23369474 95.30085448 98.31692891 98.36345475
  98.88105161 98.52246183 98.59043276 97.07860533]
 [98.726569   97.79583477 98.20287863 95.30085448 98.31692891 96.46798641
  98.58457686 98.52246183 98.59043276 96.40032382]
 [96.59583745 97.79583477 98.20287863 95.30085448 96.57178375 96.46798641
  97.38901406 97.32103091 98.59043276 96.40032382]
 [96.59583745 96.60222598 98.20287863 95.30085448 96.57178375 96.46798641
  97.29816589 97.32103091 98.59043276 92.01229004]
 [96.4373045  96.60222598 98.20287863 95.30085448 96.57178375 96.46798641
  97.29816589 97.32103091 98.17363003 92.01229004]]
RS_ratio_matrix = 
[[98.94532251 96.57178375 98.96878648 99.10041346 98.58426949 97.49967841
  98.94718538 98.92031207 98.7385781  99.37852925]
 [98.94532251 96.57178375 95.13586356 99.10041346 98.58426949 97.49967841
  98.94718538 98.4997029  98.7385781  99.06193162]
 [97.87114119 96.57178375 95.13586356 98.5704308  98.58426949 91.22213764
  98.94718538 98.4997029  98.61359899 98.59043276]
 [96.46798641 95.49213443 95.13586356 97.61959676 98.58250524 91.22213764
  95.98504197 98.34923587 97.6817025  97.27645488]
 [95.49213443 95.49213443 95.13586356 97.61959676 98.42485689 91.22213764
  95.98504197 98.18857656 97.6817025  97.26888718]
 [95.49213443 95.49213443 95.13586356 97.61959676 98.42485689 91.22213764
  95.98504197 96.09330899 97.6817025  96.57178375]]
Mean Accumulated PREC(%) 10 times; BBF=[ 15.  30.  50. 100. 150. 200.]
BO_vec=array([98.1600379 , 97.99605924, 97.69088475, 97.0635977 , 96.49634863,
       96.43881506])
RS_vec=array([98.56548589, 98.10847292, 97.26065465, 96.38126592, 96.25109319,
       95.97185609])
Median Accumulated PREC(%) 10 times; BBF=[ 15.  30.  50. 100. 150. 200.]
BO_vec=array([98.34801322, 98.34019183, 98.25990377, 96.95843418, 96.59903171,
       96.58700486])
RS_vec=array([98.93281729, 98.66142379, 98.53506685, 96.87222064, 96.62696457,
       96.03917548])
Min Accumulated PREC(%) 10 times; BBF=[ 15.  30.  50. 100. 150. 200.]
BO_vec=array([95.30085448, 95.30085448, 95.30085448, 95.30085448, 92.01229004,
       92.01229004])
RS_vec=array([96.57178375, 95.13586356, 91.22213764, 91.22213764, 91.22213764,
       91.22213764])
Max Accumulated PREC(%) 10 times; BBF=[ 15.  30.  50. 100. 150. 200.]
BO_vec=array([98.98972205, 98.88105161, 98.726569  , 98.59043276, 98.59043276,
       98.20287863])
RS_vec=array([99.37852925, 99.10041346, 98.94718538, 98.58250524, 98.42485689,
       98.42485689])