
 input
[[23, 81], [33, 81], [24, 37], [0, 37], [32, 37], [9, 46], [5, 85], [0, 15], [37, 0], [0, 24]]
 output
 [96.59380946 96.44937791 95.78129161 96.31318411 96.50987837 96.15347887
 96.8955902  95.98598491 96.78206717 96.42549688]
最小値:95.78129161400065
入力値:[24, 37]
経過時間:53.80225157737732sec
num_evaluation of BBF = 10.0
 input
[[23, 81], [33, 81], [24, 37], [0, 37], [32, 37], [9, 46], [5, 85], [0, 15], [37, 0], [0, 24], [39, 53], [20, 24], [17, 4], [39, 23], [39, 27], [21, 0], [16, 30], [25, 26], [21, 53], [0, 58], [13, 65], [39, 96], [23, 96], [30, 65], [22, 26], [0, 96], [30, 25], [39, 72], [12, 96], [39, 12]]
 output
 [ 96.59380946  96.44937791  95.78129161  96.31318411  96.50987837
  96.15347887  96.8955902   95.98598491  96.78206717  96.42549688
  96.6920571   95.25364545 102.11530194  96.21159756  95.75473131
 103.41791209  96.57918655  95.51831804  96.18457844  96.38750567
  96.77311549  96.51042275  96.51956991  96.550374    96.16785248
  96.50961003  96.45643428  96.15575553  96.50686056  96.38346891]
最小値:95.25364544819138
入力値:[20, 24]
経過時間:84.73925709724426sec
num_evaluation of BBF = 30.0
 input
[[23, 81], [33, 81], [24, 37], [0, 37], [32, 37], [9, 46], [5, 85], [0, 15], [37, 0], [0, 24], [39, 53], [20, 24], [17, 4], [39, 23], [39, 27], [21, 0], [16, 30], [25, 26], [21, 53], [0, 58], [13, 65], [39, 96], [23, 96], [30, 65], [22, 26], [0, 96], [30, 25], [39, 72], [12, 96], [39, 12], [0, 72], [0, 0], [22, 32], [39, 36], [17, 44], [39, 83], [31, 96], [0, 47], [28, 49], [6, 54], [8, 25], [7, 37], [22, 66], [14, 80], [0, 10], [0, 48], [39, 64], [0, 82], [26, 31], [15, 23]]
 output
 [ 96.59380946  96.44937791  95.78129161  96.31318411  96.50987837
  96.15347887  96.8955902   95.98598491  96.78206717  96.42549688
  96.6920571   95.25364545 102.11530194  96.21159756  95.75473131
 103.41791209  96.57918655  95.51831804  96.18457844  96.38750567
  96.77311549  96.51042275  96.51956991  96.550374    96.16785248
  96.50961003  96.45643428  96.15575553  96.50686056  96.38346891
  96.19332849  96.75901024  96.02830464  96.1610596   96.46560007
  96.28621617  96.51153188  95.77143144  96.42207456  96.23634965
  96.03926342  96.37320293  96.32380339  96.56962201  96.74295047
  95.57745596  96.54775223  96.30510495  96.27554908  95.46636907]
最小値:95.25364544819138
入力値:[20, 24]
経過時間:88.61545419692993sec
num_evaluation of BBF = 50.0
 input
[[39, 90], [5, 96], [9, 38], [0, 96], [3, 0], [39, 95], [39, 94], [9, 45], [9, 46], [39, 44]]
 output
 [96.98019293 96.49281484 96.5479372  96.50961003 96.72678182 96.3277656
 96.35405401 96.0879632  96.15347887 96.10574158]
最小値:96.08796320497396
入力値:[9, 45]
経過時間:46.98344802856445sec
num_evaluation of BBF = 10.0
 input
[[39, 90], [5, 96], [9, 38], [0, 96], [3, 0], [39, 95], [39, 94], [9, 45], [9, 46], [39, 44], [0, 44], [39, 45], [1, 67], [39, 20], [0, 19], [0, 18], [0, 15], [39, 18], [0, 23], [0, 11], [39, 78], [0, 81], [39, 75], [39, 56], [0, 77], [39, 31], [0, 17], [39, 50], [0, 73], [0, 52]]
 output
 [96.98019293 96.49281484 96.5479372  96.50961003 96.72678182 96.3277656
 96.35405401 96.0879632  96.15347887 96.10574158 96.30386259 96.03773922
 96.69989318 95.99264919 95.78752886 95.78348381 95.98598491 95.99672763
 96.36800233 96.58263754 95.9690967  96.27222269 96.01465043 96.56459494
 95.89537227 96.88009096 95.43758986 95.94812688 96.0633099  96.44688102]
最小値:95.43758986138256
入力値:[0, 17]
経過時間:93.19670605659485sec
num_evaluation of BBF = 30.0
 input
[[39, 90], [5, 96], [9, 38], [0, 96], [3, 0], [39, 95], [39, 94], [9, 45], [9, 46], [39, 44], [0, 44], [39, 45], [1, 67], [39, 20], [0, 19], [0, 18], [0, 15], [39, 18], [0, 23], [0, 11], [39, 78], [0, 81], [39, 75], [39, 56], [0, 77], [39, 31], [0, 17], [39, 50], [0, 73], [0, 52], [39, 62], [39, 6], [39, 16], [19, 72], [1, 58], [32, 85], [34, 58], [23, 58], [5, 15], [39, 14], [39, 26], [0, 16], [38, 81], [39, 48], [39, 41], [0, 27], [0, 85], [11, 59], [39, 22], [32, 27]]
 output
 [96.98019293 96.49281484 96.5479372  96.50961003 96.72678182 96.3277656
 96.35405401 96.0879632  96.15347887 96.10574158 96.30386259 96.03773922
 96.69989318 95.99264919 95.78752886 95.78348381 95.98598491 95.99672763
 96.36800233 96.58263754 95.9690967  96.27222269 96.01465043 96.56459494
 95.89537227 96.88009096 95.43758986 95.94812688 96.0633099  96.44688102
 96.42881378 96.74443046 95.8481939  96.58991093 96.44893306 96.18424103
 96.21510883 96.63637159 95.09968046 96.49465239 96.1311742  95.82415011
 96.13725599 95.97884902 96.48847533 96.92253286 96.60793889 96.61866933
 96.58517301 96.57611756]
最小値:95.099680457679
入力値:[5, 15]
経過時間:100.24417877197266sec
num_evaluation of BBF = 50.0