
 input_history 
[[0, 67], [3, 9], [19, 21], [36, 87], [6, 88], [24, 12], [1, 39], [23, 46], [24, 81], [37, 25]]
最小値:96.16079150664312
入力値:[23, 46]
経過時間:54.94382429122925sec
num_evaluation of BBF = 10.0
 input_history 
[[38, 39], [23, 46], [24, 81], [37, 25], [13, 72], [9, 20], [16, 69], [15, 47], [0, 82], [35, 88], [29, 19], [19, 14], [39, 32], [1, 9], [32, 31], [10, 23], [35, 75], [28, 34], [0, 0], [36, 53]]
最小値:95.84721020005624
入力値:[15, 47]
経過時間:84.1669249534607sec
num_evaluation of BBF = 30.0
 input_history 
[[35, 75], [28, 34], [0, 0], [36, 53], [5, 38], [17, 79], [4, 42], [31, 1], [1, 41], [35, 11], [18, 91], [0, 14], [35, 53], [12, 42], [20, 75], [4, 6], [4, 47], [3, 76], [36, 52], [14, 15]]
最小値:94.80666295532332
入力値:[1, 41]
経過時間:83.90297150611877sec
num_evaluation of BBF = 50.0
 input_history 
[[37, 12], [8, 9], [11, 5], [15, 64], [16, 1], [12, 71], [6, 25], [20, 18], [20, 11], [28, 29]]
最小値:93.54799015758923
入力値:[16, 1]
経過時間:42.42904996871948sec
num_evaluation of BBF = 10.0
 input_history 
[[37, 18], [20, 11], [28, 29], [14, 50], [4, 87], [23, 94], [32, 86], [13, 9], [7, 63], [22, 57], [1, 0], [17, 8], [24, 13], [8, 30], [7, 3], [6, 21], [3, 68], [24, 43], [12, 26], [16, 41]]
最小値:93.54799015758923
入力値:[16, 1]
経過時間:90.19942736625671sec
num_evaluation of BBF = 30.0
 input_history 
[[30, 71], [3, 70], [21, 49], [3, 68], [24, 43], [12, 26], [16, 41], [18, 15], [0, 68], [25, 87], [7, 26], [25, 22], [9, 67], [39, 23], [36, 27], [37, 57], [19, 38], [8, 32], [34, 10], [23, 15]]
最小値:93.54799015758923
入力値:[16, 1]
経過時間:87.86283802986145sec
num_evaluation of BBF = 50.0