
 input
[[23, 81], [33, 81], [24, 37], [0, 37], [32, 37], [9, 46], [5, 85], [0, 15], [37, 0], [0, 24]]
 output
 [96.59380946 96.44937791 95.78129161 96.31318411 96.50987837 96.15347887
 96.8955902  95.98598491 96.78206717 96.42549688]
最小値:95.78129161400065
入力値:[24, 37]
経過時間:41.925676107406616sec
num_evaluation of BBF = 10.0
 input
[[23, 81], [33, 81], [24, 37], [0, 37], [32, 37], [9, 46], [5, 85], [0, 15], [37, 0], [0, 24], [39, 53], [20, 24], [17, 4], [39, 23], [39, 27], [21, 0], [16, 30], [25, 26], [21, 53], [0, 58], [13, 65], [39, 96], [23, 96], [30, 65], [22, 26], [0, 96], [30, 25], [39, 72], [12, 96], [39, 12]]
 output
 [ 96.59380946  96.44937791  95.78129161  96.31318411  96.50987837
  96.15347887  96.8955902   95.98598491  96.78206717  96.42549688
  96.6920571   95.25364545 102.11530194  96.21159756  95.75473131
 103.41791209  96.57918655  95.51831804  96.18457844  96.38750567
  96.77311549  96.51042275  96.51956991  96.550374    96.16785248
  96.50961003  96.45643428  96.15575553  96.50686056  96.38346891]
最小値:95.25364544819138
入力値:[20, 24]
経過時間:85.30122017860413sec
num_evaluation of BBF = 30.0
 input
[[23, 81], [33, 81], [24, 37], [0, 37], [32, 37], [9, 46], [5, 85], [0, 15], [37, 0], [0, 24], [39, 53], [20, 24], [17, 4], [39, 23], [39, 27], [21, 0], [16, 30], [25, 26], [21, 53], [0, 58], [13, 65], [39, 96], [23, 96], [30, 65], [22, 26], [0, 96], [30, 25], [39, 72], [12, 96], [39, 12], [0, 72], [0, 0], [22, 32], [39, 36], [17, 44], [39, 83], [31, 96], [0, 47], [28, 49], [6, 54], [8, 25], [7, 37], [22, 66], [14, 80], [0, 10], [0, 48], [39, 64], [0, 82], [26, 31], [15, 23]]
 output
 [ 96.59380946  96.44937791  95.78129161  96.31318411  96.50987837
  96.15347887  96.8955902   95.98598491  96.78206717  96.42549688
  96.6920571   95.25364545 102.11530194  96.21159756  95.75473131
 103.41791209  96.57918655  95.51831804  96.18457844  96.38750567
  96.77311549  96.51042275  96.51956991  96.550374    96.16785248
  96.50961003  96.45643428  96.15575553  96.50686056  96.38346891
  96.19332849  96.75901024  96.02830464  96.1610596   96.46560007
  96.28621617  96.51153188  95.77143144  96.42207456  96.23634965
  96.03926342  96.37320293  96.32380339  96.56962201  96.74295047
  95.57745596  96.54775223  96.30510495  96.27554908  95.46636907]
最小値:95.25364544819138
入力値:[20, 24]
経過時間:91.74187207221985sec
num_evaluation of BBF = 50.0
 input
[[23, 81], [33, 81], [24, 37], [0, 37], [32, 37], [9, 46], [5, 85], [0, 15], [37, 0], [0, 24], [39, 53], [20, 24], [17, 4], [39, 23], [39, 27], [21, 0], [16, 30], [25, 26], [21, 53], [0, 58], [13, 65], [39, 96], [23, 96], [30, 65], [22, 26], [0, 96], [30, 25], [39, 72], [12, 96], [39, 12], [0, 72], [0, 0], [22, 32], [39, 36], [17, 44], [39, 83], [31, 96], [0, 47], [28, 49], [6, 54], [8, 25], [7, 37], [22, 66], [14, 80], [0, 10], [0, 48], [39, 64], [0, 82], [26, 31], [15, 23], [17, 22], [8, 20], [0, 45], [19, 27], [39, 0], [39, 42], [14, 54], [0, 65], [39, 30], [0, 51], [29, 74], [18, 90], [33, 18], [0, 31], [24, 43], [13, 31], [26, 58], [39, 88], [5, 46], [23, 23], [7, 73], [22, 23], [6, 96], [39, 76], [39, 18], [4, 45], [28, 88], [0, 89], [39, 9], [18, 96], [20, 28], [20, 73], [33, 29], [33, 47], [0, 42], [5, 51], [0, 20], [19, 59], [12, 41], [35, 72], [33, 57], [0, 77], [25, 22], [39, 21], [6, 31], [39, 77], [16, 25], [13, 88], [0, 52], [33, 89]]
 output
 [ 96.59380946  96.44937791  95.78129161  96.31318411  96.50987837
  96.15347887  96.8955902   95.98598491  96.78206717  96.42549688
  96.6920571   95.25364545 102.11530194  96.21159756  95.75473131
 103.41791209  96.57918655  95.51831804  96.18457844  96.38750567
  96.77311549  96.51042275  96.51956991  96.550374    96.16785248
  96.50961003  96.45643428  96.15575553  96.50686056  96.38346891
  96.19332849  96.75901024  96.02830464  96.1610596   96.46560007
  96.28621617  96.51153188  95.77143144  96.42207456  96.23634965
  96.03926342  96.37320293  96.32380339  96.56962201  96.74295047
  95.57745596  96.54775223  96.30510495  96.27554908  95.46636907
  96.04689704  97.67807704  96.20492826  96.15363971  96.78032572
  96.39249003  96.48837798  96.80847226  96.56401309  96.23900789
  96.62584755  96.40937293  96.78521231  96.3926411   96.73014123
  96.24345679  96.62368942  96.75450403  95.70788173  95.58757058
  97.0282897   96.23943436  96.49107445  95.97146912  95.99672763
  96.27959896  96.25804504  96.97296194  96.6917189   96.52532556
  96.28080603  96.57874156  96.32725997  96.30905948  96.43786733
  96.4250169   96.11662788  96.83118687  96.49895157  96.3949626
  96.24545967  95.89537227  96.52263474  95.98460832  96.34806076
  95.95443311  96.25568495  96.55923243  96.44688102  96.20941475]
最小値:95.25364544819138
入力値:[20, 24]
経過時間:248.06095433235168sec
num_evaluation of BBF = 100.0
 input
[[23, 81], [33, 81], [24, 37], [0, 37], [32, 37], [9, 46], [5, 85], [0, 15], [37, 0], [0, 24], [39, 53], [20, 24], [17, 4], [39, 23], [39, 27], [21, 0], [16, 30], [25, 26], [21, 53], [0, 58], [13, 65], [39, 96], [23, 96], [30, 65], [22, 26], [0, 96], [30, 25], [39, 72], [12, 96], [39, 12], [0, 72], [0, 0], [22, 32], [39, 36], [17, 44], [39, 83], [31, 96], [0, 47], [28, 49], [6, 54], [8, 25], [7, 37], [22, 66], [14, 80], [0, 10], [0, 48], [39, 64], [0, 82], [26, 31], [15, 23], [17, 22], [8, 20], [0, 45], [19, 27], [39, 0], [39, 42], [14, 54], [0, 65], [39, 30], [0, 51], [29, 74], [18, 90], [33, 18], [0, 31], [24, 43], [13, 31], [26, 58], [39, 88], [5, 46], [23, 23], [7, 73], [22, 23], [6, 96], [39, 76], [39, 18], [4, 45], [28, 88], [0, 89], [39, 9], [18, 96], [20, 28], [20, 73], [33, 29], [33, 47], [0, 42], [5, 51], [0, 20], [19, 59], [12, 41], [35, 72], [33, 57], [0, 77], [25, 22], [39, 21], [6, 31], [39, 77], [16, 25], [13, 88], [0, 52], [33, 89], [24, 88], [28, 96], [39, 46], [0, 76], [39, 69], [26, 30], [5, 68], [7, 61], [0, 71], [13, 48], [10, 52], [2, 36], [5, 76], [32, 46], [30, 69], [39, 48], [39, 40], [24, 94], [23, 79], [39, 58], [17, 49], [19, 36], [33, 52], [23, 94], [15, 64], [35, 96], [39, 20], [6, 62], [39, 79], [12, 46], [0, 26], [29, 40], [34, 22], [7, 43], [19, 22], [7, 71], [39, 26], [38, 48], [1, 92], [34, 80], [19, 13], [20, 16], [25, 13], [15, 13], [24, 13], [31, 13], [23, 16], [21, 17], [7, 48], [39, 5]]
 output
 [ 96.59380946  96.44937791  95.78129161  96.31318411  96.50987837
  96.15347887  96.8955902   95.98598491  96.78206717  96.42549688
  96.6920571   95.25364545 102.11530194  96.21159756  95.75473131
 103.41791209  96.57918655  95.51831804  96.18457844  96.38750567
  96.77311549  96.51042275  96.51956991  96.550374    96.16785248
  96.50961003  96.45643428  96.15575553  96.50686056  96.38346891
  96.19332849  96.75901024  96.02830464  96.1610596   96.46560007
  96.28621617  96.51153188  95.77143144  96.42207456  96.23634965
  96.03926342  96.37320293  96.32380339  96.56962201  96.74295047
  95.57745596  96.54775223  96.30510495  96.27554908  95.46636907
  96.04689704  97.67807704  96.20492826  96.15363971  96.78032572
  96.39249003  96.48837798  96.80847226  96.56401309  96.23900789
  96.62584755  96.40937293  96.78521231  96.3926411   96.73014123
  96.24345679  96.62368942  96.75450403  95.70788173  95.58757058
  97.0282897   96.23943436  96.49107445  95.97146912  95.99672763
  96.27959896  96.25804504  96.97296194  96.6917189   96.52532556
  96.28080603  96.57874156  96.32725997  96.30905948  96.43786733
  96.4250169   96.11662788  96.83118687  96.49895157  96.3949626
  96.24545967  95.89537227  96.52263474  95.98460832  96.34806076
  95.95443311  96.25568495  96.55923243  96.44688102  96.20941475
  96.39601006  96.51228117  95.90793839  95.86415091  96.28507143
  96.29874623  95.64954553  96.09671327  96.34134132  95.53204295
  96.25201541  96.35240796  96.89545085  96.02565964  96.62804648
  95.97884902  96.52390928  96.56036283  96.60380031  96.52594623
  96.70298057  96.42157431  96.14084601  96.54851909  96.68152214
  96.51254426  95.99264919  96.76859362  96.01042147  95.97158411
  96.90145487  96.47242933  96.43875517  96.535712    96.53687969
  97.04046264  96.1311742   96.60966004  96.80635741  96.45985253
  95.35332855  96.37476823  95.6824051   96.67385649  96.36442664
  96.90630871  95.60974104  97.13231772  96.21605128  96.79698011]
最小値:95.25364544819138
入力値:[20, 24]
経過時間:260.93963742256165sec
num_evaluation of BBF = 150.0
 input
[[23, 81], [33, 81], [24, 37], [0, 37], [32, 37], [9, 46], [5, 85], [0, 15], [37, 0], [0, 24], [39, 53], [20, 24], [17, 4], [39, 23], [39, 27], [21, 0], [16, 30], [25, 26], [21, 53], [0, 58], [13, 65], [39, 96], [23, 96], [30, 65], [22, 26], [0, 96], [30, 25], [39, 72], [12, 96], [39, 12], [0, 72], [0, 0], [22, 32], [39, 36], [17, 44], [39, 83], [31, 96], [0, 47], [28, 49], [6, 54], [8, 25], [7, 37], [22, 66], [14, 80], [0, 10], [0, 48], [39, 64], [0, 82], [26, 31], [15, 23], [17, 22], [8, 20], [0, 45], [19, 27], [39, 0], [39, 42], [14, 54], [0, 65], [39, 30], [0, 51], [29, 74], [18, 90], [33, 18], [0, 31], [24, 43], [13, 31], [26, 58], [39, 88], [5, 46], [23, 23], [7, 73], [22, 23], [6, 96], [39, 76], [39, 18], [4, 45], [28, 88], [0, 89], [39, 9], [18, 96], [20, 28], [20, 73], [33, 29], [33, 47], [0, 42], [5, 51], [0, 20], [19, 59], [12, 41], [35, 72], [33, 57], [0, 77], [25, 22], [39, 21], [6, 31], [39, 77], [16, 25], [13, 88], [0, 52], [33, 89], [24, 88], [28, 96], [39, 46], [0, 76], [39, 69], [26, 30], [5, 68], [7, 61], [0, 71], [13, 48], [10, 52], [2, 36], [5, 76], [32, 46], [30, 69], [39, 48], [39, 40], [24, 94], [23, 79], [39, 58], [17, 49], [19, 36], [33, 52], [23, 94], [15, 64], [35, 96], [39, 20], [6, 62], [39, 79], [12, 46], [0, 26], [29, 40], [34, 22], [7, 43], [19, 22], [7, 71], [39, 26], [38, 48], [1, 92], [34, 80], [19, 13], [20, 16], [25, 13], [15, 13], [24, 13], [31, 13], [23, 16], [21, 17], [7, 48], [39, 5], [0, 79], [18, 85], [0, 16], [28, 53], [27, 35], [39, 16], [12, 27], [0, 5], [30, 85], [39, 92], [13, 35], [32, 61], [0, 17], [0, 18], [0, 14], [9, 57], [10, 92], [5, 14], [7, 14], [6, 13], [7, 12], [7, 11], [20, 38], [37, 27], [22, 22], [12, 14], [6, 11], [36, 93], [28, 26], [35, 22], [31, 82], [26, 53], [23, 86], [14, 51], [16, 78], [7, 71], [28, 32], [25, 40], [9, 85], [14, 40], [16, 92], [9, 69], [14, 74], [3, 41], [16, 21], [8, 93], [28, 78], [15, 11], [28, 79], [22, 0]]
 output
 [ 96.59380946  96.44937791  95.78129161  96.31318411  96.50987837
  96.15347887  96.8955902   95.98598491  96.78206717  96.42549688
  96.6920571   95.25364545 102.11530194  96.21159756  95.75473131
 103.41791209  96.57918655  95.51831804  96.18457844  96.38750567
  96.77311549  96.51042275  96.51956991  96.550374    96.16785248
  96.50961003  96.45643428  96.15575553  96.50686056  96.38346891
  96.19332849  96.75901024  96.02830464  96.1610596   96.46560007
  96.28621617  96.51153188  95.77143144  96.42207456  96.23634965
  96.03926342  96.37320293  96.32380339  96.56962201  96.74295047
  95.57745596  96.54775223  96.30510495  96.27554908  95.46636907
  96.04689704  97.67807704  96.20492826  96.15363971  96.78032572
  96.39249003  96.48837798  96.80847226  96.56401309  96.23900789
  96.62584755  96.40937293  96.78521231  96.3926411   96.73014123
  96.24345679  96.62368942  96.75450403  95.70788173  95.58757058
  97.0282897   96.23943436  96.49107445  95.97146912  95.99672763
  96.27959896  96.25804504  96.97296194  96.6917189   96.52532556
  96.28080603  96.57874156  96.32725997  96.30905948  96.43786733
  96.4250169   96.11662788  96.83118687  96.49895157  96.3949626
  96.24545967  95.89537227  96.52263474  95.98460832  96.34806076
  95.95443311  96.25568495  96.55923243  96.44688102  96.20941475
  96.39601006  96.51228117  95.90793839  95.86415091  96.28507143
  96.29874623  95.64954553  96.09671327  96.34134132  95.53204295
  96.25201541  96.35240796  96.89545085  96.02565964  96.62804648
  95.97884902  96.52390928  96.56036283  96.60380031  96.52594623
  96.70298057  96.42157431  96.14084601  96.54851909  96.68152214
  96.51254426  95.99264919  96.76859362  96.01042147  95.97158411
  96.90145487  96.47242933  96.43875517  96.535712    96.53687969
  97.04046264  96.1311742   96.60966004  96.80635741  96.45985253
  95.35332855  96.37476823  95.6824051   96.67385649  96.36442664
  96.90630871  95.60974104  97.13231772  96.21605128  96.79698011
  96.05158123  96.52691374  95.82415011  96.56474778  96.55468308
  95.8481939   96.553004    96.88230992  96.259917    96.94618362
  96.32455691  96.51804182  95.43758986  95.78348381  95.92736191
  96.16118868  96.4352718   94.77879119  95.08502389  94.52295781
  94.25162829  94.27377737  96.36754392  96.48019875  96.37260442
  96.97264841  94.51098215  96.88932647  95.73309709  96.59281864
  96.35978479  96.70464167  96.50960298  96.54598222  96.54487869
  97.04046264  96.10790848  96.4606663   96.32146765  96.35256459
  96.31948864  96.70557516  96.59154754  96.08425555  96.31145592
  96.39487179  96.56264059  95.60678447  96.55109343 105.89754536]
最小値:94.25162829306826
入力値:[7, 12]
経過時間:305.43949580192566sec
num_evaluation of BBF = 200.0