
 input_history 
[[0, 67], [3, 9], [19, 21], [36, 87], [6, 88], [24, 12], [1, 39], [23, 46], [24, 81], [37, 25]]
最小値:96.16079150664312
入力値:[23, 46]
経過時間:41.494542598724365sec
num_evaluation of BBF = 10.0
 input_history 
[[38, 39], [23, 46], [24, 81], [37, 25], [13, 72], [9, 20], [16, 69], [15, 47], [0, 82], [35, 88], [29, 19], [19, 14], [39, 32], [1, 9], [32, 31], [10, 23], [35, 75], [28, 34], [0, 0], [36, 53]]
最小値:95.84721020005624
入力値:[15, 47]
経過時間:80.7403814792633sec
num_evaluation of BBF = 30.0
 input_history 
[[35, 75], [28, 34], [0, 0], [36, 53], [5, 38], [17, 79], [4, 42], [31, 1], [1, 41], [35, 11], [18, 91], [0, 14], [35, 53], [12, 42], [20, 75], [4, 6], [4, 47], [3, 76], [36, 52], [14, 15]]
最小値:94.80666295532332
入力値:[1, 41]
経過時間:88.73362612724304sec
num_evaluation of BBF = 50.0
 input_history 
[[20, 75], [4, 6], [4, 47], [3, 76], [36, 52], [14, 15], [20, 58], [23, 79], [13, 85], [5, 41], [35, 64], [31, 69], [30, 0], [36, 34], [29, 3], [34, 42], [13, 21], [9, 0], [10, 43], [23, 59], [2, 62], [35, 94], [3, 82], [35, 20], [17, 50], [27, 14], [1, 36], [10, 86], [11, 2], [16, 32], [0, 38], [19, 46], [13, 30], [24, 2], [3, 94], [34, 13], [8, 19], [31, 72], [26, 66], [3, 61], [14, 96], [4, 67], [11, 86], [13, 75], [16, 24], [29, 21], [25, 80], [19, 33], [32, 70], [21, 31]]
最小値:93.4474428538863
入力値:[24, 2]
経過時間:225.2910771369934sec
num_evaluation of BBF = 100.0
 input_history 
[[2, 3], [30, 13], [8, 19], [31, 72], [26, 66], [3, 61], [14, 96], [4, 67], [11, 86], [13, 75], [16, 24], [29, 21], [25, 80], [19, 33], [32, 70], [21, 31], [13, 71], [24, 79], [18, 40], [15, 11], [38, 93], [1, 95], [24, 24], [3, 82], [3, 76], [38, 35], [22, 61], [5, 87], [32, 11], [20, 10], [37, 28], [2, 27], [19, 89], [23, 53], [20, 53], [29, 67], [35, 39], [9, 73], [23, 3], [26, 50], [3, 31], [9, 10], [27, 45], [7, 39], [21, 44], [34, 34], [24, 33], [5, 36], [0, 75], [34, 69]]
最小値:92.50214612274466
入力値:[20, 10]
経過時間:217.33114886283875sec
num_evaluation of BBF = 150.0
 input_history 
[[28, 2], [27, 83], [25, 23], [20, 53], [29, 67], [35, 39], [9, 73], [23, 3], [26, 50], [3, 31], [9, 10], [27, 45], [7, 39], [21, 44], [34, 34], [24, 33], [5, 36], [0, 75], [34, 69], [16, 62], [8, 61], [1, 81], [35, 91], [36, 48], [25, 67], [39, 35], [30, 29], [33, 18], [17, 93], [20, 2], [5, 12], [2, 91], [21, 39], [39, 75], [22, 30], [17, 70], [7, 18], [28, 43], [19, 49], [29, 46], [21, 73], [25, 96], [27, 73], [28, 81], [0, 86], [16, 36], [30, 24], [3, 51], [8, 56], [27, 93]]
最小値:92.50214612274466
入力値:[20, 10]
経過時間:215.23685145378113sec
num_evaluation of BBF = 200.0