
BO_ratio_matrix = 
[[98.87727321]
 [98.3325717 ]
 [98.3325717 ]
 [98.3325717 ]
 [98.3325717 ]
 [97.29816589]]
RS_ratio_matrix = 
[[99.26903985]
 [98.94532251]
 [97.87114119]
 [96.46798641]
 [95.49213443]
 [95.49213443]]
Mean Accumulated PREC(%) 1 times; BBF=[ 10.  30.  50. 100. 150. 200.]
BO_vec=array([98.87727321, 98.3325717 , 98.3325717 , 98.3325717 , 98.3325717 ,
       97.29816589])
RS_vec=array([99.26903985, 98.94532251, 97.87114119, 96.46798641, 95.49213443,
       95.49213443])
Median Accumulated PREC(%) 1 times; BBF=[ 10.  30.  50. 100. 150. 200.]
BO_vec=array([98.87727321, 98.3325717 , 98.3325717 , 98.3325717 , 98.3325717 ,
       97.29816589])
RS_vec=array([99.26903985, 98.94532251, 97.87114119, 96.46798641, 95.49213443,
       95.49213443])
Min Accumulated PREC(%) 1 times; BBF=[ 10.  30.  50. 100. 150. 200.]
BO_vec=array([98.87727321, 98.3325717 , 98.3325717 , 98.3325717 , 98.3325717 ,
       97.29816589])
RS_vec=array([99.26903985, 98.94532251, 97.87114119, 96.46798641, 95.49213443,
       95.49213443])
Max Accumulated PREC(%) 1 times; BBF=[ 10.  30.  50. 100. 150. 200.]
BO_vec=array([98.87727321, 98.3325717 , 98.3325717 , 98.3325717 , 98.3325717 ,
       97.29816589])
RS_vec=array([99.26903985, 98.94532251, 97.87114119, 96.46798641, 95.49213443,
       95.49213443])