
BO_ratio_matrix = 
[[6.18938164 6.17598336 6.19125896 6.18229245 6.00660733 6.17402581
  6.1754457  6.18799973 6.18873596 6.19589755]
 [6.18131139 6.16887208 6.18559257 6.18229245 6.00660733 6.16873343
  6.1754457  6.18799973 6.02563714 6.18448472]
 [6.1695177  6.16887208 6.17587757 6.17587757 6.00660733 6.13651504
  6.1695177  6.18695229 6.02563714 6.17389062]
 [6.1695177  6.10909439 6.17587757 6.1053162  5.72953162 6.03106673
  6.12114022 5.96015535 6.02563714 6.17389062]
 [6.1695177  6.08109336 6.17587757 6.1053162  5.72953162 6.03106673
  6.12114022 5.58611207 6.02563714 6.17389062]
 [6.1695177  6.05606454 6.17402581 6.1053162  5.72953162 6.03106673
  5.83757563 5.58611207 6.02563714 6.03106673]]
RS_ratio_matrix = 
[[6.11900447 6.13651504 6.19146646 6.18391108 6.17349059 6.1975323
  6.18592674 6.12850671 6.13651504 6.18030535]
 [6.05257592 6.12391409 6.17598336 6.18391108 6.17349059 6.14237131
  6.18592674 5.79698952 6.13651504 6.18030535]
 [6.05257592 6.02682869 6.17598336 6.18391108 6.17349059 6.12391409
  6.05886637 5.79698952 6.13651504 6.1794307 ]
 [6.05257592 6.02682869 6.1675619  5.69050785 6.14311019 6.03219073
  6.05886637 5.79698952 6.12181984 6.1794307 ]
 [6.05257592 6.02682869 5.99384523 5.69050785 6.09441184 6.03219073
  6.05886637 5.79698952 5.9390925  6.13958295]
 [6.03106673 6.00660733 5.99384523 5.69050785 6.08758344 5.72953162
  6.05886637 5.79698952 5.9390925  6.12850671]]
Mean Accumulated PREC(%) 10 times; BBF=[ 15.  30.  50. 100. 150. 200.]
BO_vec=array([6.16676285, 6.14669765, 6.1389265 , 6.06012275, 6.01991832,
       5.97459142])
RS_vec=array([6.16331738, 6.1151983 , 6.09085054, 6.02698817, 5.98248916,
       5.94625973])
Median Accumulated PREC(%) 10 times; BBF=[ 15.  30.  50. 100. 150. 200.]
BO_vec=array([6.18514609, 6.17837854, 6.1695177 , 6.10720529, 6.09320478,
       6.03106673])
RS_vec=array([6.17689797, 6.15793095, 6.13021457, 6.05572114, 6.02950971,
       6.00022628])
Min Accumulated PREC(%) 10 times; BBF=[ 15.  30.  50. 100. 150. 200.]
BO_vec=array([6.00660733, 6.00660733, 6.00660733, 5.72953162, 5.58611207,
       5.58611207])
RS_vec=array([6.11900447, 5.79698952, 5.79698952, 5.69050785, 5.69050785,
       5.69050785])
Max Accumulated PREC(%) 10 times; BBF=[ 15.  30.  50. 100. 150. 200.]
BO_vec=array([6.19589755, 6.18799973, 6.18695229, 6.17587757, 6.17587757,
       6.17402581])
RS_vec=array([6.1975323 , 6.18592674, 6.18391108, 6.1794307 , 6.13958295,
       6.12850671])