
 input_history 
[[9, 15], [0, 28], [25, 93], [29, 8], [9, 0], [36, 16], [36, 11], [24, 62], [33, 72], [36, 78], [13, 69], [13, 25], [13, 92], [22, 30], [30, 89]]
最小値:96.15513780159378
入力値:[30, 89]
経過時間:63.09309005737305sec
num_evaluation of BBF = 15.0
 input_history 
[[33, 72], [36, 78], [13, 69], [13, 25], [13, 92], [22, 30], [30, 89], [12, 65], [31, 57], [36, 27], [18, 93], [13, 22], [23, 94], [11, 28], [10, 88]]
最小値:95.88584805172079
入力値:[36, 27]
経過時間:62.93783473968506sec
num_evaluation of BBF = 30.0
 input_history 
[[23, 94], [11, 28], [10, 88], [9, 15], [18, 80], [7, 88], [11, 17], [7, 75], [28, 33], [20, 96], [24, 44], [5, 4], [7, 88], [24, 50], [34, 15], [13, 88], [15, 6], [21, 22], [11, 12], [28, 96]]
最小値:93.41772164111069
入力値:[15, 6]
経過時間:87.43752527236938sec
num_evaluation of BBF = 50.0
 input_history 
[[6, 85], [22, 11], [12, 92], [32, 62], [15, 42], [33, 50], [25, 73], [37, 0], [18, 23], [3, 29], [16, 84], [18, 14], [15, 17], [25, 48], [17, 32], [17, 80], [26, 12], [30, 81], [17, 16], [0, 31], [37, 73], [0, 38], [22, 96], [2, 67], [31, 27], [18, 62], [13, 48], [29, 75], [22, 37], [11, 21], [33, 95], [24, 96], [37, 73], [37, 43], [26, 71], [8, 85], [8, 28], [30, 89], [25, 78], [17, 85], [13, 41], [33, 4], [23, 94], [28, 39], [27, 9], [7, 22], [32, 3], [9, 52], [12, 68], [30, 70]]
最小値:93.41772164111069
入力値:[15, 6]
経過時間:229.7250792980194sec
num_evaluation of BBF = 100.0
 input_history 
[[24, 96], [37, 73], [37, 43], [26, 71], [8, 85], [8, 28], [30, 89], [25, 78], [17, 85], [13, 41], [33, 4], [23, 94], [28, 39], [27, 9], [7, 22], [32, 3], [9, 52], [12, 68], [30, 70], [10, 30], [9, 2], [1, 13], [11, 52], [5, 93], [20, 48], [34, 40], [32, 94], [22, 58], [5, 45], [18, 50], [1, 63], [13, 18], [27, 83], [37, 71], [24, 15], [6, 44], [9, 50], [0, 44], [4, 14], [4, 6], [9, 44], [36, 90], [38, 20], [9, 40], [16, 75], [39, 58], [17, 39], [33, 11], [14, 79], [21, 69]]
最小値:93.41772164111069
入力値:[15, 6]
経過時間:232.80390548706055sec
num_evaluation of BBF = 150.0
 input_history 
[[0, 44], [4, 14], [4, 6], [9, 44], [36, 90], [38, 20], [9, 40], [16, 75], [39, 58], [17, 39], [33, 11], [14, 79], [21, 69], [13, 3], [31, 76], [23, 17], [29, 69], [20, 5], [6, 61], [16, 74], [4, 22], [19, 85], [9, 35], [35, 11], [18, 19], [17, 61], [10, 36], [0, 30], [21, 32], [17, 13], [3, 31], [32, 96], [38, 37], [15, 59], [39, 20], [31, 89], [0, 96], [25, 63], [2, 30], [17, 59], [6, 63], [22, 29], [7, 92], [19, 0], [7, 93], [23, 57], [16, 2], [34, 58], [12, 10], [15, 32]]
最小値:93.41772164111069
入力値:[15, 6]
経過時間:221.8079743385315sec
num_evaluation of BBF = 200.0
 input_history 
[[25, 63], [16, 91], [17, 55], [13, 76], [33, 71], [18, 24], [28, 48], [32, 45], [4, 34], [12, 1], [10, 37], [39, 84], [17, 91], [24, 17], [3, 70]]
最小値:95.62205452279893
入力値:[32, 45]
経過時間:64.71042466163635sec
num_evaluation of BBF = 15.0
 input_history 
[[27, 24], [17, 67], [6, 43], [0, 79], [32, 23], [27, 70], [25, 10], [27, 44], [14, 7], [15, 64], [27, 95], [5, 53], [7, 50], [35, 59], [1, 3]]
最小値:94.09957468945377
入力値:[25, 10]
経過時間:69.44979119300842sec
num_evaluation of BBF = 30.0
 input_history 
[[27, 95], [5, 53], [7, 50], [35, 59], [1, 3], [8, 87], [17, 68], [8, 32], [14, 19], [25, 90], [38, 59], [17, 43], [18, 48], [10, 47], [32, 44], [8, 68], [33, 1], [31, 75], [34, 72], [19, 96]]
最小値:94.09957468945377
入力値:[25, 10]
経過時間:88.87148809432983sec
num_evaluation of BBF = 50.0
 input_history 
[[1, 95], [11, 34], [8, 19], [32, 84], [18, 59], [8, 38], [39, 34], [31, 4], [28, 13], [1, 90], [21, 20], [17, 81], [4, 74], [39, 35], [21, 67], [35, 81], [6, 58], [1, 39], [36, 72], [5, 37], [27, 93], [21, 87], [10, 64], [16, 87], [12, 4], [34, 4], [34, 28], [23, 17], [21, 44], [33, 51], [35, 78], [2, 19], [19, 82], [30, 51], [15, 32], [24, 43], [19, 87], [9, 7], [13, 34], [12, 91], [17, 81], [12, 75], [21, 43], [30, 81], [27, 56], [38, 82], [1, 30], [38, 30], [9, 90], [25, 93]]
最小値:94.09957468945377
入力値:[25, 10]
経過時間:207.493066072464sec
num_evaluation of BBF = 100.0
 input_history 
[[30, 51], [15, 32], [24, 43], [19, 87], [9, 7], [13, 34], [12, 91], [17, 81], [12, 75], [21, 43], [30, 81], [27, 56], [38, 82], [1, 30], [38, 30], [9, 90], [25, 93], [35, 84], [27, 4], [5, 83], [1, 42], [21, 89], [34, 0], [7, 65], [16, 48], [14, 49], [2, 66], [28, 35], [33, 10], [0, 33], [23, 24], [29, 75], [39, 45], [14, 20], [0, 65], [9, 21], [38, 94], [39, 28], [5, 48], [35, 13], [14, 36], [23, 43], [30, 24], [26, 30], [3, 46], [16, 1], [22, 95], [3, 26], [5, 79], [33, 44]]
最小値:93.54799015758923
入力値:[16, 1]
経過時間:224.46118712425232sec
num_evaluation of BBF = 150.0
 input_history 
[[24, 29], [11, 45], [14, 20], [0, 65], [9, 21], [38, 94], [39, 28], [5, 48], [35, 13], [14, 36], [23, 43], [30, 24], [26, 30], [3, 46], [16, 1], [22, 95], [3, 26], [5, 79], [33, 44], [29, 4], [23, 95], [13, 15], [33, 58], [17, 69], [35, 40], [22, 36], [31, 85], [38, 96], [25, 67], [14, 29], [25, 69], [17, 2], [6, 59], [8, 48], [13, 85], [39, 9], [20, 36], [2, 83], [39, 29], [11, 58], [21, 31], [34, 2], [6, 52], [31, 82], [6, 75], [1, 2], [34, 65], [28, 52], [36, 82], [13, 30]]
最小値:92.31685541285962
入力値:[17, 2]
経過時間:225.43981623649597sec
num_evaluation of BBF = 200.0
 input_history 
[[11, 27], [6, 2], [3, 67], [12, 48], [22, 49], [5, 13], [25, 34], [11, 74], [0, 76], [13, 82], [25, 35], [36, 35], [33, 30], [32, 18], [22, 50]]
最小値:94.94859959000945
入力値:[5, 13]
経過時間:67.30046105384827sec
num_evaluation of BBF = 15.0
 input_history 
[[35, 33], [30, 63], [32, 18], [22, 50], [16, 84], [6, 73], [30, 32], [27, 59], [25, 59], [24, 79], [25, 56], [4, 96], [4, 65], [37, 75], [4, 53]]
最小値:94.94859959000945
入力値:[5, 13]
経過時間:72.13036561012268sec
num_evaluation of BBF = 30.0
 input_history 
[[4, 96], [4, 65], [37, 75], [4, 53], [11, 53], [32, 42], [6, 70], [3, 2], [28, 74], [20, 54], [20, 20], [29, 69], [32, 43], [18, 70], [27, 34], [38, 53], [0, 37], [20, 80], [3, 87], [38, 68]]
最小値:94.94859959000945
入力値:[5, 13]
経過時間:87.49215364456177sec
num_evaluation of BBF = 50.0
 input_history 
[[5, 51], [32, 43], [18, 70], [27, 34], [38, 53], [0, 37], [20, 80], [3, 87], [38, 68], [25, 44], [22, 69], [9, 59], [27, 28], [2, 68], [4, 35], [7, 54], [30, 49], [36, 46], [10, 76], [19, 72], [26, 72], [22, 56], [14, 68], [25, 79], [4, 28], [20, 81], [26, 4], [27, 19], [24, 43], [29, 64], [33, 68], [31, 38], [37, 20], [2, 90], [10, 96], [31, 34], [10, 50], [16, 17], [20, 42], [39, 39], [30, 17], [6, 81], [3, 15], [0, 33], [20, 26], [8, 88], [8, 15], [12, 62], [19, 14], [30, 43]]
最小値:94.94859959000945
入力値:[5, 13]
経過時間:211.9882435798645sec
num_evaluation of BBF = 100.0
 input_history 
[[32, 95], [34, 74], [16, 17], [20, 42], [39, 39], [30, 17], [6, 81], [3, 15], [0, 33], [20, 26], [8, 88], [8, 15], [12, 62], [19, 14], [30, 43], [15, 14], [5, 65], [15, 22], [18, 19], [28, 17], [25, 93], [30, 19], [2, 47], [8, 41], [37, 57], [1, 55], [36, 61], [13, 80], [29, 81], [36, 10], [2, 15], [30, 36], [32, 88], [5, 63], [26, 4], [30, 23], [29, 53], [32, 27], [2, 76], [4, 63], [22, 29], [23, 50], [33, 69], [19, 46], [27, 17], [17, 85], [32, 24], [38, 53], [6, 91], [4, 87]]
最小値:94.94859959000945
入力値:[5, 13]
経過時間:235.08950400352478sec
num_evaluation of BBF = 150.0
 input_history 
[[2, 76], [4, 63], [22, 29], [23, 50], [33, 69], [19, 46], [27, 17], [17, 85], [32, 24], [38, 53], [6, 91], [4, 87], [8, 55], [33, 88], [18, 71], [32, 17], [32, 73], [0, 63], [13, 47], [31, 64], [27, 23], [30, 35], [31, 34], [19, 28], [4, 71], [13, 18], [18, 26], [35, 80], [6, 33], [8, 70], [14, 54], [30, 49], [3, 64], [37, 83], [35, 23], [11, 5], [26, 7], [11, 34], [31, 3], [34, 29], [37, 74], [28, 28], [20, 45], [3, 46], [28, 16], [17, 56], [4, 58], [32, 49], [5, 49], [2, 89]]
最小値:94.92117009817439
入力値:[26, 7]
経過時間:227.3087556362152sec
num_evaluation of BBF = 200.0
 input_history 
[[18, 48], [10, 16], [38, 25], [35, 26], [2, 46], [37, 77], [10, 73], [11, 52], [2, 32], [19, 21], [19, 11], [22, 75], [1, 18], [24, 28], [11, 40]]
最小値:93.44506447735206
入力値:[19, 11]
経過時間:69.61456322669983sec
num_evaluation of BBF = 15.0
 input_history 
[[11, 1], [18, 24], [28, 11], [12, 58], [22, 34], [39, 5], [24, 85], [24, 45], [7, 7], [6, 79], [22, 38], [19, 10], [24, 22], [36, 94], [19, 5]]
最小値:93.44506447735206
入力値:[19, 11]
経過時間:65.42669320106506sec
num_evaluation of BBF = 30.0
 input_history 
[[6, 79], [22, 38], [19, 10], [24, 22], [36, 94], [19, 5], [0, 85], [25, 45], [35, 2], [17, 28], [8, 37], [13, 47], [5, 59], [25, 65], [16, 26], [7, 59], [26, 53], [36, 22], [33, 67], [35, 20]]
最小値:93.44506447735206
入力値:[19, 11]
経過時間:84.04336714744568sec
num_evaluation of BBF = 50.0
 input_history 
[[5, 59], [25, 65], [16, 26], [7, 59], [26, 53], [36, 22], [33, 67], [35, 20], [36, 60], [4, 91], [6, 61], [19, 43], [3, 25], [16, 36], [29, 25], [9, 50], [2, 82], [9, 28], [39, 24], [10, 28], [27, 47], [12, 48], [3, 4], [23, 88], [13, 45], [27, 95], [31, 1], [16, 14], [25, 45], [30, 49], [31, 50], [8, 21], [2, 1], [37, 6], [31, 95], [5, 44], [38, 54], [17, 83], [32, 72], [18, 26], [19, 76], [17, 60], [8, 62], [16, 69], [32, 28], [28, 15], [32, 13], [38, 81], [10, 89], [31, 15]]
最小値:93.44506447735206
入力値:[19, 11]
経過時間:205.49919438362122sec
num_evaluation of BBF = 100.0
 input_history 
[[8, 21], [2, 1], [37, 6], [31, 95], [5, 44], [38, 54], [17, 83], [32, 72], [18, 26], [19, 76], [17, 60], [8, 62], [16, 69], [32, 28], [28, 15], [32, 13], [38, 81], [10, 89], [31, 15], [14, 93], [27, 20], [17, 39], [11, 56], [31, 73], [12, 40], [17, 6], [24, 22], [22, 59], [38, 93], [24, 64], [2, 14], [24, 39], [28, 84], [21, 47], [1, 33], [9, 60], [22, 85], [36, 70], [10, 4], [0, 47], [29, 95], [23, 0], [15, 92], [10, 17], [2, 77], [36, 17], [31, 86], [14, 1], [5, 14], [31, 18]]
最小値:93.44506447735206
入力値:[19, 11]
経過時間:203.00723910331726sec
num_evaluation of BBF = 150.0
 input_history 
[[1, 33], [9, 60], [22, 85], [36, 70], [10, 4], [0, 47], [29, 95], [23, 0], [15, 92], [10, 17], [2, 77], [36, 17], [31, 86], [14, 1], [5, 14], [31, 18], [26, 63], [26, 25], [10, 1], [39, 95], [0, 31], [2, 38], [20, 43], [32, 70], [36, 52], [38, 23], [38, 32], [6, 14], [20, 39], [36, 28], [22, 23], [6, 10], [1, 59], [36, 89], [20, 25], [39, 85], [4, 80], [7, 83], [26, 62], [24, 91], [0, 3], [30, 30], [33, 9], [3, 34], [35, 60], [20, 86], [35, 79], [4, 77], [35, 23], [23, 92]]
最小値:93.44506447735206
入力値:[19, 11]
経過時間:202.5662763118744sec
num_evaluation of BBF = 200.0
 input_history 
[[24, 12], [22, 71], [38, 28], [10, 80], [26, 25], [23, 32], [4, 77], [10, 10], [0, 86], [20, 5], [37, 41], [39, 67], [15, 68], [13, 45], [17, 0]]
最小値:96.01497106713825
入力値:[20, 5]
経過時間:62.89665746688843sec
num_evaluation of BBF = 15.0
 input_history 
[[37, 41], [39, 67], [15, 68], [13, 45], [17, 0], [31, 9], [27, 90], [1, 71], [10, 45], [30, 19], [1, 57], [11, 77], [17, 13], [15, 41], [21, 13]]
最小値:95.92636359883178
入力値:[30, 19]
経過時間:60.537511587142944sec
num_evaluation of BBF = 30.0
 input_history 
[[10, 45], [30, 19], [1, 57], [11, 77], [17, 13], [15, 41], [21, 13], [3, 61], [10, 57], [14, 92], [9, 78], [4, 50], [16, 52], [1, 11], [36, 3], [33, 12], [28, 85], [17, 83], [35, 32], [39, 81]]
最小値:95.54268286639649
入力値:[33, 12]
経過時間:81.22273254394531sec
num_evaluation of BBF = 50.0
 input_history 
[[12, 28], [21, 17], [19, 48], [35, 32], [39, 81], [10, 52], [21, 52], [3, 56], [38, 48], [8, 52], [35, 86], [22, 56], [12, 50], [12, 55], [33, 80], [4, 75], [31, 56], [26, 49], [28, 38], [8, 28], [1, 79], [34, 0], [26, 48], [27, 43], [3, 19], [19, 91], [14, 38], [10, 78], [29, 42], [34, 34], [14, 36], [7, 39], [37, 22], [9, 30], [19, 72], [28, 21], [18, 61], [2, 67], [19, 36], [36, 53], [39, 9], [19, 28], [4, 67], [35, 89], [28, 37], [29, 63], [7, 0], [20, 4], [14, 89], [17, 32]]
最小値:95.45930681585322
入力値:[3, 19]
経過時間:209.15611505508423sec
num_evaluation of BBF = 100.0
 input_history 
[[19, 36], [36, 53], [39, 9], [19, 28], [4, 67], [35, 89], [28, 37], [29, 63], [7, 0], [20, 4], [14, 89], [17, 32], [30, 71], [31, 95], [22, 14], [18, 90], [1, 93], [23, 57], [26, 49], [34, 48], [10, 77], [35, 27], [25, 31], [7, 80], [29, 51], [22, 59], [16, 26], [30, 76], [1, 6], [31, 0], [8, 71], [18, 34], [7, 36], [26, 34], [34, 71], [19, 73], [32, 76], [12, 24], [19, 83], [15, 39], [29, 16], [39, 40], [3, 72], [32, 7], [12, 17], [39, 72], [1, 4], [39, 11], [20, 7], [1, 76]]
最小値:95.45930681585322
入力値:[3, 19]
経過時間:224.49127316474915sec
num_evaluation of BBF = 150.0
 input_history 
[[7, 36], [26, 34], [34, 71], [19, 73], [32, 76], [12, 24], [19, 83], [15, 39], [29, 16], [39, 40], [3, 72], [32, 7], [12, 17], [39, 72], [1, 4], [39, 11], [20, 7], [1, 76], [0, 33], [29, 68], [0, 11], [19, 66], [2, 41], [0, 64], [23, 8], [0, 81], [0, 64], [24, 42], [12, 57], [10, 38], [31, 23], [15, 0], [4, 56], [24, 63], [26, 54], [30, 48], [18, 71], [36, 56], [22, 24], [15, 66], [32, 18], [29, 79], [11, 94], [0, 16], [21, 95], [30, 17], [17, 56], [15, 28], [29, 24], [35, 67]]
最小値:95.45930681585322
入力値:[3, 19]
経過時間:224.91467833518982sec
num_evaluation of BBF = 200.0