
BO_ratio_matrix = 
[[98.87727321 98.3325717  98.23369474 95.30085448 98.31692891]
 [98.87727321 97.79583477 98.23369474 95.30085448 98.31692891]
 [98.726569   97.79583477 98.20287863 95.30085448 98.31692891]
 [96.59583745 97.79583477 98.20287863 95.30085448 96.57178375]
 [96.59583745 96.60222598 98.20287863 95.30085448 96.57178375]
 [96.4373045  96.60222598 98.20287863 95.30085448 96.57178375]]
RS_ratio_matrix = 
[[99.26320339 98.71288903 98.01766571 96.46553116 99.11850599]
 [98.98520927 97.14119739 98.01766571 96.46553116 99.02703442]
 [96.4373045  97.14119739 98.01766571 96.46553116 98.6309518 ]
 [96.4373045  97.14119739 98.01766571 96.46553116 98.54488075]
 [96.4373045  96.57178375 98.01766571 96.46553116 98.54488075]
 [96.4373045  95.30085448 97.9893496  96.46553116 98.54488075]]
Mean Accumulated PREC(%) 5 times; BBF=[ 15.  30.  50. 100. 150. 200.]
BO_vec=array([97.81226461, 97.70491722, 97.66861316, 96.89343782, 96.65471606,
       96.62300947])
RS_vec=array([98.31555905, 97.92732759, 97.33853011, 97.3213159 , 97.20743317,
       96.9475841 ])
Median Accumulated PREC(%) 5 times; BBF=[ 15.  30.  50. 100. 150. 200.]
BO_vec=array([98.31692891, 98.23369474, 98.20287863, 96.59583745, 96.59583745,
       96.57178375])
RS_vec=array([98.71288903, 98.01766571, 97.14119739, 97.14119739, 96.57178375,
       96.46553116])
Min Accumulated PREC(%) 5 times; BBF=[ 15.  30.  50. 100. 150. 200.]
BO_vec=array([95.30085448, 95.30085448, 95.30085448, 95.30085448, 95.30085448,
       95.30085448])
RS_vec=array([96.46553116, 96.46553116, 96.4373045 , 96.4373045 , 96.4373045 ,
       95.30085448])
Max Accumulated PREC(%) 5 times; BBF=[ 15.  30.  50. 100. 150. 200.]
BO_vec=array([98.87727321, 98.87727321, 98.726569  , 98.20287863, 98.20287863,
       98.20287863])
RS_vec=array([99.26320339, 99.02703442, 98.6309518 , 98.54488075, 98.54488075,
       98.54488075])