
BO_ratio_matrix = 
[[99.83940565 98.82470646 99.85901544 99.64320899 96.88076347 99.8183219
  99.60396291 99.60710535 99.78887031 99.93383143]
 [99.83940565 98.60175617 99.85901544 99.64320899 96.88076347 99.8183219
  95.98076159 99.53236525 91.78238465 99.74975347]
 [99.83940565 98.60175617 99.79450747 97.99632362 94.94966478 99.75912596
  95.98076159 97.29339882 90.09858181 98.45020512]
 [97.87351443 98.35642839 99.68548129 96.13153794 94.94966478 98.77571239
  95.98076159 96.6749231  90.09858181 91.78238465]
 [92.41180032 98.35642839 99.55527046 96.13153794 94.94966478 98.77571239
  95.98076159 96.6749231  90.09858181 90.09858181]
 [92.41180032 98.35642839 98.84688247 95.79181444 94.94966478 98.72806813
  95.98076159 96.6749231  90.09858181 90.09858181]]
RS_ratio_matrix = 
[[99.60396291 98.09517531 99.40678348 94.15444566 96.13153794 99.67249025
  99.71547329 98.7071306  98.09517531 99.7000143 ]
 [99.56289555 98.09517531 99.40678348 94.15444566 96.13153794 99.55802997
  99.6663521  98.7071306  98.09517531 99.7000143 ]
 [98.60691493 98.09517531 99.40678348 94.15444566 96.13153794 99.55802997
  98.75214039 97.11182638 98.09517531 91.78238465]
 [98.08448702 98.09517531 97.62219225 94.15444566 96.13153794 99.50097305
  98.75214039 97.11182638 98.09517531 91.78238465]
 [98.08448702 98.09517531 97.62219225 94.15444566 95.98076159 94.15444566
  98.45020512 97.11182638 98.09517531 91.78238465]
 [96.13153794 98.09517531 97.62219225 94.15444566 95.79181444 94.15444566
  98.45020512 96.93891182 98.09517531 91.78238465]]
Mean Accumulated PREC(%) 10 times; BBF=[ 15.  30.  50. 100. 150. 200.]
BO_vec=array([99.37991919, 98.16877366, 97.2763731 , 96.03089903, 95.30332626,
       95.19375068])
RS_vec=array([98.32821891, 98.30775402, 97.1694414 , 96.9330338 , 96.3531099 ,
       96.12162882])
Median Accumulated PREC(%) 10 times; BBF=[ 15.  30.  50. 100. 150. 200.]
BO_vec=array([99.71603965, 99.58778712, 98.22326437, 96.40323052, 96.05614976,
       95.88628801])
RS_vec=array([99.05695704, 99.05695704, 98.09517531, 97.85333964, 97.36700932,
       96.53522488])
Min Accumulated PREC(%) 10 times; BBF=[ 15.  30.  50. 100. 150. 200.]
BO_vec=array([96.88076347, 91.78238465, 90.09858181, 90.09858181, 90.09858181,
       90.09858181])
RS_vec=array([94.15444566, 94.15444566, 91.78238465, 91.78238465, 91.78238465,
       91.78238465])
Max Accumulated PREC(%) 10 times; BBF=[ 15.  30.  50. 100. 150. 200.]
BO_vec=array([99.93383143, 99.85901544, 99.83940565, 99.68548129, 99.55527046,
       98.84688247])
RS_vec=array([99.71547329, 99.7000143 , 99.55802997, 99.50097305, 98.45020512,
       98.45020512])