
 input_history 
[[0, 3], [3, 7], [9, 3], [21, 2], [36, 7], [6, 8], [24, 10], [1, 6], [39, 7], [24, 1], [37, 9], [13, 8], [9, 4], [16, 3], [5, 0]]
最小値:93.07477704500839
入力値:[16, 3]
経過時間:67.33175706863403sec
num_evaluation of BBF = 15.0
 input_history 
[[9, 4], [16, 3], [5, 0], [18, 3], [24, 1], [29, 3], [19, 7], [32, 1], [9, 9], [32, 10], [23, 3], [11, 2], [28, 2], [0, 0], [36, 5]]
最小値:93.07477704500839
入力値:[16, 3]
経過時間:70.20683097839355sec
num_evaluation of BBF = 30.0
 input_history 
[[35, 2], [28, 2], [0, 0], [36, 5], [5, 6], [17, 4], [31, 8], [1, 1], [39, 9], [35, 6], [11, 2], [27, 0], [14, 3], [12, 9], [20, 4], [6, 4], [3, 4], [14, 4], [35, 10], [23, 5]]
最小値:93.07477704500839
入力値:[16, 3]
経過時間:100.55388498306274sec
num_evaluation of BBF = 50.0
 input_history 
[[20, 4], [6, 4], [3, 4], [14, 4], [35, 10], [23, 5], [21, 0], [5, 9], [35, 0], [31, 5], [30, 0], [36, 2], [29, 3], [34, 10], [13, 0], [39, 5], [9, 0], [10, 2], [23, 2], [34, 3], [30, 3], [18, 3], [20, 1], [27, 9], [1, 4], [10, 6], [11, 2], [16, 0], [0, 6], [19, 10], [13, 8], [2, 3], [30, 2], [13, 0], [8, 3], [31, 8], [26, 2], [3, 0], [4, 3], [11, 6], [13, 9], [11, 8], [16, 8], [29, 5], [25, 0], [19, 1], [32, 4], [6, 5], [31, 7], [24, 9]]
最小値:88.54511385467501
入力値:[20, 1]
経過時間:253.11707639694214sec
num_evaluation of BBF = 100.0
 input_history 
[[2, 3], [30, 2], [13, 0], [8, 3], [31, 8], [26, 2], [3, 0], [4, 3], [11, 6], [13, 9], [11, 8], [16, 8], [29, 5], [25, 0], [19, 1], [32, 4], [6, 5], [31, 7], [24, 9], [18, 8], [15, 6], [29, 9], [1, 6], [24, 8], [3, 2], [3, 10], [12, 6], [35, 6], [5, 7], [32, 8], [20, 10], [37, 8], [2, 3], [25, 7], [20, 5], [29, 3], [35, 7], [9, 9], [23, 3], [26, 2], [3, 9], [10, 7], [39, 5], [33, 2], [34, 8], [33, 5], [36, 0], [11, 2], [5, 5], [16, 8]]
最小値:88.54511385467501
入力値:[20, 1]
経過時間:252.83619236946106sec
num_evaluation of BBF = 150.0
 input_history 
[[28, 8], [2, 3], [25, 7], [20, 5], [29, 3], [35, 7], [9, 9], [23, 3], [26, 2], [3, 9], [10, 7], [39, 5], [33, 2], [34, 8], [33, 5], [36, 0], [11, 2], [5, 5], [16, 8], [1, 1], [35, 8], [27, 8], [36, 0], [25, 3], [39, 3], [30, 1], [33, 2], [17, 4], [2, 5], [37, 5], [2, 5], [39, 7], [11, 6], [30, 1], [6, 7], [18, 3], [29, 5], [9, 9], [32, 9], [28, 1], [0, 6], [16, 10], [36, 8], [3, 3], [8, 8], [27, 7], [32, 3], [8, 7], [23, 10], [17, 8]]
最小値:88.54511385467501
入力値:[20, 1]
経過時間:252.86933660507202sec
num_evaluation of BBF = 200.0
 input_history 
[[37, 8], [9, 5], [15, 0], [16, 1], [12, 7], [6, 9], [20, 5], [18, 4], [11, 10], [28, 2], [4, 7], [23, 9], [30, 0], [22, 9], [9, 7]]
最小値:93.54799015758923
入力値:[16, 1]
経過時間:75.84170413017273sec
num_evaluation of BBF = 15.0
 input_history 
[[4, 7], [23, 9], [30, 0], [22, 9], [9, 7], [22, 9], [1, 0], [17, 8], [24, 3], [8, 7], [3, 6], [21, 1], [3, 4], [24, 1], [12, 10]]
最小値:93.54799015758923
入力値:[16, 1]
経過時間:76.23050475120544sec
num_evaluation of BBF = 30.0
 input_history 
[[30, 7], [3, 6], [21, 1], [3, 4], [24, 1], [12, 10], [16, 3], [18, 0], [4, 9], [34, 7], [7, 10], [25, 8], [22, 9], [3, 7], [23, 4], [27, 5], [19, 6], [8, 0], [34, 10], [23, 7]]
最小値:92.10962004043134
入力値:[23, 7]
経過時間:101.28876042366028sec
num_evaluation of BBF = 50.0
 input_history 
[[37, 9], [19, 6], [8, 0], [34, 10], [23, 7], [25, 7], [28, 10], [32, 8], [23, 7], [1, 1], [13, 3], [0, 8], [13, 6], [21, 6], [2, 5], [11, 7], [13, 8], [11, 4], [30, 4], [39, 7], [4, 9], [18, 0], [13, 10], [23, 1], [7, 9], [24, 10], [28, 4], [32, 1], [30, 9], [24, 2], [33, 2], [28, 7], [34, 10], [32, 9], [18, 6], [6, 2], [7, 7], [15, 5], [17, 10], [20, 6], [22, 5], [13, 1], [33, 5], [20, 10], [32, 7], [25, 5], [39, 0], [19, 9], [14, 4], [6, 8]]
最小値:92.10962004043134
入力値:[23, 7]
経過時間:252.83273148536682sec
num_evaluation of BBF = 100.0
 input_history 
[[20, 6], [22, 5], [13, 1], [33, 5], [20, 10], [32, 7], [25, 5], [39, 0], [19, 9], [14, 4], [6, 8], [15, 8], [9, 2], [7, 5], [5, 4], [37, 8], [21, 8], [13, 1], [13, 8], [14, 7], [16, 10], [3, 4], [2, 0], [29, 3], [29, 1], [2, 4], [19, 0], [32, 7], [18, 10], [8, 3], [32, 8], [20, 2], [15, 9], [0, 3], [24, 1], [20, 3], [19, 10], [22, 7], [35, 5], [34, 4], [36, 0], [19, 3], [24, 3], [37, 6], [39, 5], [15, 1], [23, 0], [10, 2], [24, 2], [30, 1]]
最小値:92.10962004043134
入力値:[23, 7]
経過時間:254.4472725391388sec
num_evaluation of BBF = 150.0
 input_history 
[[24, 1], [20, 3], [19, 10], [22, 7], [35, 5], [34, 4], [36, 0], [19, 3], [24, 3], [37, 6], [39, 5], [15, 1], [23, 0], [10, 2], [24, 2], [30, 1], [4, 0], [14, 1], [39, 3], [17, 6], [38, 9], [10, 6], [25, 6], [0, 6], [16, 3], [9, 0], [28, 3], [10, 4], [23, 5], [3, 8], [24, 0], [15, 7], [14, 9], [20, 9], [21, 2], [29, 5], [22, 6], [12, 8], [26, 7], [23, 7], [12, 2], [38, 0], [5, 2], [33, 10], [5, 9], [25, 1], [18, 0], [26, 4], [30, 7], [0, 6]]
最小値:92.10962004043134
入力値:[23, 7]
経過時間:253.01799750328064sec
num_evaluation of BBF = 200.0
 input_history 
[[15, 8], [22, 2], [11, 8], [7, 2], [31, 5], [31, 10], [20, 4], [37, 7], [3, 6], [4, 10], [39, 6], [33, 10], [3, 5], [24, 4], [6, 3]]
最小値:92.15703058210372
入力値:[15, 8]
経過時間:75.80292916297913sec
num_evaluation of BBF = 15.0
 input_history 
[[39, 6], [33, 10], [3, 5], [24, 4], [6, 3], [31, 2], [16, 4], [12, 2], [4, 10], [15, 1], [39, 8], [15, 9], [8, 7], [17, 6], [9, 9]]
最小値:92.15703058210372
入力値:[15, 8]
経過時間:76.11344242095947sec
num_evaluation of BBF = 30.0
 input_history 
[[8, 2], [15, 9], [8, 7], [17, 6], [9, 9], [26, 3], [32, 0], [26, 2], [8, 10], [34, 9], [37, 6], [22, 6], [19, 8], [18, 1], [4, 8], [17, 6], [37, 1], [18, 4], [26, 7], [22, 4]]
最小値:89.1312603818281
入力値:[19, 8]
経過時間:101.93584299087524sec
num_evaluation of BBF = 50.0
 input_history 
[[6, 3], [18, 1], [4, 8], [17, 6], [37, 1], [18, 4], [26, 7], [22, 4], [37, 10], [8, 10], [35, 0], [16, 5], [21, 0], [6, 10], [37, 1], [15, 10], [39, 4], [22, 1], [36, 10], [27, 0], [28, 4], [11, 2], [9, 7], [18, 1], [15, 0], [39, 1], [9, 0], [16, 5], [34, 5], [19, 3], [33, 8], [22, 8], [11, 1], [5, 7], [16, 9], [28, 10], [17, 5], [31, 2], [16, 10], [36, 6], [19, 1], [8, 5], [9, 5], [36, 2], [39, 8], [39, 3], [26, 4], [38, 3], [8, 5], [27, 3]]
最小値:89.1312603818281
入力値:[19, 8]
経過時間:255.47814059257507sec
num_evaluation of BBF = 100.0
 input_history 
[[19, 3], [33, 8], [22, 8], [11, 1], [5, 7], [16, 9], [28, 10], [17, 5], [31, 2], [16, 10], [36, 6], [19, 1], [8, 5], [9, 5], [36, 2], [39, 8], [39, 3], [26, 4], [38, 3], [8, 5], [27, 3], [15, 2], [22, 5], [5, 2], [37, 6], [5, 0], [5, 4], [26, 3], [39, 5], [25, 4], [15, 5], [18, 6], [29, 0], [5, 7], [33, 6], [7, 0], [18, 4], [26, 0], [6, 6], [24, 6], [21, 1], [21, 9], [36, 9], [19, 4], [34, 10], [12, 4], [39, 5], [1, 3], [28, 7], [36, 5]]
最小値:89.1312603818281
入力値:[19, 8]
経過時間:254.4328796863556sec
num_evaluation of BBF = 150.0
 input_history 
[[33, 6], [7, 0], [18, 4], [26, 0], [6, 6], [24, 6], [21, 1], [21, 9], [36, 9], [19, 4], [34, 10], [12, 4], [39, 5], [1, 3], [28, 7], [36, 5], [17, 2], [28, 3], [38, 10], [26, 1], [2, 9], [38, 0], [21, 3], [18, 10], [8, 9], [23, 10], [16, 4], [12, 6], [34, 7], [19, 1], [31, 1], [25, 9], [0, 8], [10, 8], [37, 3], [35, 6], [6, 1], [34, 1], [29, 2], [33, 3], [13, 10], [12, 3], [2, 3], [26, 10], [27, 10], [35, 10], [3, 0], [5, 10], [11, 10], [17, 2]]
最小値:89.1312603818281
入力値:[19, 8]
経過時間:253.5615997314453sec
num_evaluation of BBF = 200.0
 input_history 
[[24, 9], [3, 8], [8, 0], [21, 3], [10, 9], [10, 5], [38, 0], [20, 7], [14, 8], [26, 1], [26, 6], [2, 2], [1, 3], [26, 5], [33, 10]]
最小値:93.38189886887007
入力値:[10, 9]
経過時間:76.51791429519653sec
num_evaluation of BBF = 15.0
 input_history 
[[2, 1], [26, 5], [33, 10], [24, 7], [33, 0], [37, 4], [30, 1], [21, 4], [28, 7], [0, 0], [18, 4], [37, 8], [7, 5], [33, 1], [1, 5]]
最小値:93.38189886887007
入力値:[10, 9]
経過時間:77.584397315979sec
num_evaluation of BBF = 30.0
 input_history 
[[28, 7], [0, 0], [18, 4], [37, 8], [7, 5], [33, 1], [1, 5], [10, 4], [35, 0], [16, 0], [16, 2], [18, 7], [32, 5], [30, 0], [33, 4], [2, 4], [26, 8], [10, 6], [36, 1], [21, 1]]
最小値:88.36584872452843
入力値:[18, 7]
経過時間:101.41516661643982sec
num_evaluation of BBF = 50.0
 input_history 
[[37, 0], [33, 4], [2, 4], [26, 8], [10, 6], [36, 1], [21, 1], [39, 0], [9, 1], [24, 7], [11, 4], [10, 0], [16, 4], [19, 0], [34, 7], [1, 3], [1, 2], [2, 7], [35, 4], [17, 6], [28, 7], [33, 0], [28, 0], [27, 5], [8, 4], [8, 8], [14, 3], [36, 9], [26, 2], [5, 4], [31, 9], [17, 9], [32, 7], [28, 4], [8, 10], [24, 4], [30, 1], [32, 5], [22, 7], [31, 0], [23, 8], [33, 5], [26, 6], [17, 3], [7, 4], [30, 9], [13, 0], [24, 4], [21, 6], [23, 10]]
最小値:88.36584872452843
入力値:[18, 7]
経過時間:254.96277117729187sec
num_evaluation of BBF = 100.0
 input_history 
[[17, 9], [32, 7], [28, 4], [8, 10], [24, 4], [30, 1], [32, 5], [22, 7], [31, 0], [23, 8], [33, 5], [26, 6], [17, 3], [7, 4], [30, 9], [13, 0], [24, 4], [21, 6], [23, 10], [11, 3], [21, 1], [8, 9], [34, 9], [25, 4], [21, 0], [30, 7], [33, 2], [21, 2], [29, 10], [7, 6], [39, 9], [39, 5], [30, 9], [7, 2], [15, 6], [36, 8], [26, 4], [9, 3], [5, 6], [12, 10], [35, 8], [34, 7], [23, 2], [18, 0], [7, 10], [32, 10], [19, 10], [3, 5], [21, 4], [23, 2]]
最小値:88.36584872452843
入力値:[18, 7]
経過時間:252.83967518806458sec
num_evaluation of BBF = 150.0
 input_history 
[[7, 6], [39, 9], [39, 5], [30, 9], [7, 2], [15, 6], [36, 8], [26, 4], [9, 3], [5, 6], [12, 10], [35, 8], [34, 7], [23, 2], [18, 0], [7, 10], [32, 10], [19, 10], [3, 5], [21, 4], [23, 2], [34, 6], [6, 3], [13, 6], [39, 7], [0, 8], [4, 10], [36, 10], [30, 5], [0, 3], [13, 5], [4, 2], [29, 5], [39, 9], [6, 0], [1, 7], [32, 3], [23, 9], [26, 5], [22, 1], [15, 5], [3, 6], [14, 5], [22, 7], [16, 2], [1, 6], [18, 5], [26, 7], [17, 4], [7, 10]]
最小値:88.36584872452843
入力値:[18, 7]
経過時間:236.64958024024963sec
num_evaluation of BBF = 200.0
 input_history 
[[5, 1], [23, 8], [9, 10], [39, 7], [36, 2], [38, 10], [3, 0], [21, 5], [9, 6], [38, 8], [2, 5], [30, 8], [2, 10], [23, 0], [33, 0]]
最小値:93.57129070648843
入力値:[9, 10]
経過時間:62.15303111076355sec
num_evaluation of BBF = 15.0
 input_history 
[[21, 9], [38, 6], [2, 5], [30, 8], [2, 10], [23, 0], [33, 0], [28, 3], [15, 2], [31, 9], [17, 0], [17, 9], [9, 0], [12, 7], [30, 6]]
最小値:93.57129070648843
入力値:[9, 10]
経過時間:62.79004383087158sec
num_evaluation of BBF = 30.0
 input_history 
[[31, 9], [17, 0], [17, 9], [9, 0], [12, 7], [30, 6], [3, 7], [6, 7], [7, 9], [18, 7], [21, 4], [27, 3], [8, 9], [37, 8], [39, 0], [30, 4], [11, 8], [36, 8], [17, 9], [4, 2]]
最小値:88.36584872452843
入力値:[18, 7]
経過時間:83.19672513008118sec
num_evaluation of BBF = 50.0
 input_history 
[[8, 9], [37, 8], [39, 0], [30, 4], [11, 8], [36, 8], [17, 9], [4, 2], [3, 4], [39, 6], [6, 8], [32, 3], [22, 10], [17, 1], [22, 0], [10, 8], [7, 6], [15, 8], [0, 7], [33, 10], [31, 3], [30, 1], [3, 6], [10, 4], [16, 7], [10, 7], [22, 6], [15, 9], [3, 10], [34, 7], [38, 7], [28, 3], [0, 5], [32, 9], [37, 7], [5, 9], [10, 8], [29, 4], [2, 3], [16, 3], [22, 9], [12, 0], [12, 4], [38, 10], [7, 3], [25, 1], [4, 8], [3, 0], [26, 6], [17, 9]]
最小値:88.36584872452843
入力値:[18, 7]
経過時間:204.71364879608154sec
num_evaluation of BBF = 100.0
 input_history 
[[38, 7], [28, 3], [0, 5], [32, 9], [37, 7], [5, 9], [10, 8], [29, 4], [2, 3], [16, 3], [22, 9], [12, 0], [12, 4], [38, 10], [7, 3], [25, 1], [4, 8], [3, 0], [26, 6], [17, 9], [35, 1], [15, 3], [34, 9], [28, 10], [2, 7], [15, 9], [21, 6], [37, 10], [9, 9], [8, 5], [20, 4], [2, 2], [1, 3], [31, 4], [23, 3], [37, 10], [13, 9], [37, 4], [19, 9], [15, 5], [30, 6], [29, 0], [37, 2], [28, 0], [31, 5], [5, 7], [8, 10], [31, 9], [16, 3], [7, 0]]
最小値:88.36584872452843
入力値:[18, 7]
経過時間:207.15960931777954sec
num_evaluation of BBF = 150.0
 input_history 
[[18, 1], [19, 7], [31, 4], [23, 3], [37, 10], [13, 9], [37, 4], [19, 9], [15, 5], [30, 6], [29, 0], [37, 2], [28, 0], [31, 5], [5, 7], [8, 10], [31, 9], [16, 3], [7, 0], [20, 7], [7, 4], [17, 3], [39, 7], [37, 1], [31, 5], [28, 9], [3, 0], [9, 7], [22, 1], [39, 9], [35, 10], [26, 10], [7, 2], [7, 8], [11, 9], [2, 9], [22, 8], [23, 5], [33, 2], [3, 0], [21, 5], [38, 0], [25, 5], [21, 3], [21, 10], [31, 9], [12, 1], [33, 9], [10, 10], [28, 1]]
最小値:88.36584872452843
入力値:[18, 7]
経過時間:204.8769190311432sec
num_evaluation of BBF = 200.0
 input_history 
[[35, 6], [16, 9], [8, 4], [39, 0], [30, 0], [7, 1], [39, 0], [27, 1], [30, 4], [22, 2], [9, 10], [1, 2], [39, 0], [14, 5], [0, 0]]
最小値:93.57129070648843
入力値:[9, 10]
経過時間:61.83515977859497sec
num_evaluation of BBF = 15.0
 input_history 
[[20, 6], [18, 9], [9, 10], [1, 2], [39, 0], [14, 5], [0, 0], [4, 4], [27, 2], [4, 6], [19, 3], [18, 1], [7, 4], [30, 3], [1, 7]]
最小値:93.57129070648843
入力値:[9, 10]
経過時間:61.688061475753784sec
num_evaluation of BBF = 30.0
 input_history 
[[19, 3], [18, 1], [7, 4], [30, 3], [1, 7], [3, 1], [25, 5], [7, 0], [30, 10], [31, 9], [38, 0], [5, 2], [24, 6], [31, 0], [12, 5], [14, 2], [0, 7], [7, 6], [16, 0], [8, 10]]
最小値:93.57129070648843
入力値:[9, 10]
経過時間:82.41672897338867sec
num_evaluation of BBF = 50.0
 input_history 
[[24, 6], [31, 0], [12, 5], [14, 2], [0, 7], [7, 6], [16, 0], [8, 10], [37, 5], [22, 4], [5, 2], [27, 8], [33, 6], [35, 4], [8, 0], [18, 2], [17, 6], [19, 4], [28, 3], [4, 2], [36, 9], [20, 0], [10, 6], [6, 9], [30, 2], [19, 0], [8, 8], [7, 4], [8, 10], [22, 8], [32, 5], [35, 4], [0, 2], [2, 1], [27, 1], [23, 1], [23, 2], [22, 3], [24, 0], [13, 9], [1, 9], [0, 8], [23, 7], [4, 1], [27, 4], [33, 7], [5, 4], [18, 2], [30, 1], [35, 1]]
最小値:92.10962004043134
入力値:[23, 7]
経過時間:206.35817790031433sec
num_evaluation of BBF = 100.0
 input_history 
[[8, 0], [15, 5], [35, 4], [0, 2], [2, 1], [27, 1], [23, 1], [23, 2], [22, 3], [24, 0], [13, 9], [1, 9], [0, 8], [23, 7], [4, 1], [27, 4], [33, 7], [5, 4], [18, 2], [30, 1], [35, 1], [18, 4], [0, 1], [34, 3], [30, 8], [10, 5], [15, 5], [19, 10], [21, 9], [37, 1], [30, 1], [0, 8], [14, 0], [31, 5], [26, 9], [19, 3], [19, 7], [3, 7], [3, 2], [29, 6], [18, 7], [0, 3], [37, 1], [30, 6], [7, 3], [14, 9], [7, 9], [26, 7], [31, 6], [14, 4]]
最小値:88.36584872452843
入力値:[18, 7]
経過時間:207.03205704689026sec
num_evaluation of BBF = 150.0
 input_history 
[[19, 7], [3, 7], [3, 2], [29, 6], [18, 7], [0, 3], [37, 1], [30, 6], [7, 3], [14, 9], [7, 9], [26, 7], [31, 6], [14, 4], [21, 10], [4, 0], [17, 5], [3, 1], [23, 0], [11, 10], [8, 3], [20, 4], [10, 9], [9, 6], [31, 7], [22, 0], [15, 7], [15, 1], [35, 9], [19, 3], [21, 1], [16, 0], [26, 2], [14, 2], [8, 9], [17, 8], [10, 6], [9, 6], [29, 1], [24, 2], [20, 9], [5, 9], [15, 8], [38, 1], [5, 1], [11, 8], [19, 10], [23, 0], [8, 10], [39, 3]]
最小値:88.36584872452843
入力値:[18, 7]
経過時間:1074.3941810131073sec
num_evaluation of BBF = 200.0
 input_history 
[[10, 9], [35, 4], [15, 10], [16, 9], [1, 9], [26, 1], [4, 1], [8, 2], [12, 4], [27, 2], [5, 10], [15, 9], [22, 2], [5, 5], [4, 5]]
最小値:93.38189886887007
入力値:[10, 9]
経過時間:86.2689118385315sec
num_evaluation of BBF = 15.0
 input_history 
[[26, 9], [22, 2], [5, 5], [4, 5], [16, 2], [2, 3], [21, 9], [5, 2], [26, 7], [5, 6], [26, 10], [3, 5], [11, 1], [18, 3], [22, 9]]
最小値:93.38189886887007
入力値:[10, 9]
経過時間:84.7498517036438sec
num_evaluation of BBF = 30.0
 input_history 
[[5, 6], [26, 10], [3, 5], [11, 1], [18, 3], [22, 9], [24, 0], [3, 7], [36, 8], [33, 2], [4, 1], [15, 5], [21, 6], [1, 9], [37, 10], [13, 9], [1, 2], [2, 9], [21, 10], [4, 1]]
最小値:93.38189886887007
入力値:[10, 9]
経過時間:112.45887660980225sec
num_evaluation of BBF = 50.0
 input_history 
[[37, 10], [13, 9], [1, 2], [2, 9], [21, 10], [4, 1], [14, 6], [3, 1], [36, 9], [24, 10], [20, 6], [18, 9], [6, 2], [5, 2], [27, 7], [28, 5], [1, 1], [27, 7], [21, 4], [24, 8], [13, 7], [16, 10], [12, 8], [15, 9], [18, 0], [12, 7], [22, 0], [39, 5], [33, 8], [37, 9], [27, 10], [22, 3], [31, 7], [7, 5], [3, 8], [15, 7], [35, 10], [5, 9], [35, 8], [32, 7], [23, 0], [35, 5], [35, 2], [35, 4], [29, 9], [0, 8], [38, 3], [18, 1], [22, 8], [24, 9]]
最小値:92.9796200558668
入力値:[22, 3]
経過時間:262.4659833908081sec
num_evaluation of BBF = 100.0
 input_history 
[[5, 3], [8, 7], [35, 10], [5, 9], [35, 8], [32, 7], [23, 0], [35, 5], [35, 2], [35, 4], [29, 9], [0, 8], [38, 3], [18, 1], [22, 8], [24, 9], [32, 7], [16, 1], [37, 9], [37, 9], [1, 1], [25, 9], [37, 6], [20, 10], [16, 4], [34, 6], [31, 2], [12, 1], [14, 10], [0, 2], [2, 10], [21, 0], [39, 6], [38, 10], [16, 9], [21, 4], [31, 10], [24, 2], [27, 4], [34, 3], [36, 0], [5, 10], [39, 6], [33, 1], [33, 6], [24, 1], [5, 9], [28, 2], [18, 4], [39, 1]]
最小値:92.50214612274466
入力値:[20, 10]
経過時間:212.93437004089355sec
num_evaluation of BBF = 150.0
 input_history 
[[36, 10], [24, 2], [27, 4], [34, 3], [36, 0], [5, 10], [39, 6], [33, 1], [33, 6], [24, 1], [5, 9], [28, 2], [18, 4], [39, 1], [21, 3], [31, 6], [4, 5], [6, 8], [29, 7], [32, 3], [34, 7], [22, 0], [37, 8], [29, 8], [24, 6], [33, 5], [11, 10], [11, 2], [1, 7], [7, 0], [5, 5], [8, 10], [3, 4], [39, 9], [2, 10], [22, 1], [19, 3], [18, 1], [32, 5], [36, 3], [20, 0], [20, 6], [8, 2], [20, 3], [27, 5], [20, 5], [15, 5], [6, 7], [23, 3], [35, 2]]
最小値:92.50214612274466
入力値:[20, 10]
経過時間:219.19393706321716sec
num_evaluation of BBF = 200.0
 input_history 
[[4, 9], [3, 3], [23, 7], [28, 9], [14, 7], [8, 9], [26, 8], [39, 6], [4, 0], [7, 0], [11, 7], [6, 3], [5, 8], [24, 7], [0, 2]]
最小値:92.10962004043134
入力値:[23, 7]
経過時間:62.61102342605591sec
num_evaluation of BBF = 15.0
 input_history 
[[19, 5], [24, 7], [0, 2], [9, 6], [4, 9], [23, 3], [3, 8], [19, 0], [1, 0], [16, 6], [31, 7], [23, 10], [35, 0], [7, 7], [28, 7]]
最小値:92.10962004043134
入力値:[23, 7]
経過時間:63.59631323814392sec
num_evaluation of BBF = 30.0
 input_history 
[[31, 7], [23, 10], [35, 0], [7, 7], [28, 7], [32, 5], [36, 3], [33, 3], [27, 1], [19, 4], [19, 1], [30, 9], [37, 9], [29, 1], [31, 2], [19, 2], [18, 5], [3, 10], [16, 9], [9, 3]]
最小値:89.89362643770342
入力値:[19, 1]
経過時間:82.42884254455566sec
num_evaluation of BBF = 50.0
 input_history 
[[2, 3], [18, 5], [3, 10], [16, 9], [9, 3], [14, 4], [15, 3], [4, 8], [26, 10], [23, 2], [39, 3], [29, 8], [38, 5], [6, 5], [27, 7], [17, 10], [5, 4], [29, 10], [0, 6], [34, 6], [34, 10], [29, 6], [17, 5], [15, 1], [12, 9], [28, 6], [37, 9], [23, 5], [4, 9], [11, 6], [33, 5], [21, 8], [12, 4], [7, 5], [38, 2], [28, 0], [5, 3], [13, 0], [23, 1], [27, 9], [32, 2], [31, 0], [38, 2], [9, 9], [13, 5], [1, 0], [25, 1], [33, 5], [19, 2], [0, 10]]
最小値:89.89362643770342
入力値:[19, 1]
経過時間:232.74199771881104sec
num_evaluation of BBF = 100.0
 input_history 
[[11, 6], [33, 5], [21, 8], [12, 4], [7, 5], [38, 2], [28, 0], [5, 3], [13, 0], [23, 1], [27, 9], [32, 2], [31, 0], [38, 2], [9, 9], [13, 5], [1, 0], [25, 1], [33, 5], [19, 2], [0, 10], [10, 4], [27, 8], [33, 4], [25, 3], [28, 7], [15, 0], [18, 7], [0, 9], [34, 0], [5, 5], [16, 9], [11, 10], [32, 8], [36, 5], [28, 1], [31, 7], [28, 10], [14, 3], [13, 8], [3, 7], [32, 1], [11, 4], [38, 1], [30, 0], [26, 0], [33, 8], [30, 1], [15, 6], [34, 4]]
最小値:88.36584872452843
入力値:[18, 7]
経過時間:226.25207448005676sec
num_evaluation of BBF = 150.0
 input_history 
[[0, 9], [34, 0], [5, 5], [16, 9], [11, 10], [32, 8], [36, 5], [28, 1], [31, 7], [28, 10], [14, 3], [13, 8], [3, 7], [32, 1], [11, 4], [38, 1], [30, 0], [26, 0], [33, 8], [30, 1], [15, 6], [34, 4], [20, 1], [18, 8], [21, 2], [22, 2], [5, 7], [5, 5], [6, 0], [4, 6], [13, 2], [12, 6], [24, 7], [16, 5], [29, 9], [39, 6], [2, 5], [22, 1], [9, 3], [15, 4], [32, 3], [21, 6], [20, 0], [20, 1], [21, 2], [11, 4], [8, 7], [7, 5], [19, 7], [22, 2]]
最小値:88.36584872452843
入力値:[18, 7]
経過時間:219.56690049171448sec
num_evaluation of BBF = 200.0
 input_history 
[[3, 4], [5, 10], [8, 3], [21, 1], [10, 9], [15, 2], [18, 6], [29, 8], [9, 3], [4, 5], [7, 10], [26, 2], [38, 9], [37, 1], [15, 6]]
最小値:93.38189886887007
入力値:[10, 9]
経過時間:63.837520122528076sec
num_evaluation of BBF = 15.0
 input_history 
[[9, 3], [4, 5], [7, 10], [26, 2], [38, 9], [37, 1], [15, 6], [31, 4], [21, 8], [28, 10], [0, 7], [2, 6], [7, 4], [25, 6], [27, 4]]
最小値:93.38189886887007
入力値:[10, 9]
経過時間:64.33399438858032sec
num_evaluation of BBF = 30.0
 input_history 
[[28, 10], [0, 7], [2, 6], [7, 4], [25, 6], [27, 4], [37, 2], [18, 6], [22, 7], [6, 0], [9, 2], [7, 9], [34, 6], [19, 0], [9, 0], [14, 6], [20, 8], [34, 7], [34, 8], [6, 5]]
最小値:92.64522090978289
入力値:[20, 8]
経過時間:82.58967876434326sec
num_evaluation of BBF = 50.0
 input_history 
[[38, 10], [19, 0], [9, 0], [14, 6], [20, 8], [34, 7], [34, 8], [6, 5], [2, 3], [35, 8], [25, 7], [15, 3], [15, 3], [32, 9], [16, 10], [33, 2], [6, 7], [19, 8], [34, 9], [22, 5], [35, 0], [6, 7], [24, 1], [32, 8], [15, 9], [14, 5], [10, 2], [29, 2], [12, 2], [7, 7], [7, 6], [10, 0], [35, 2], [15, 4], [17, 5], [6, 3], [19, 0], [4, 6], [4, 6], [34, 3], [37, 10], [29, 10], [35, 9], [6, 10], [12, 10], [28, 2], [12, 6], [27, 1], [17, 9], [19, 0]]
最小値:89.1312603818281
入力値:[19, 8]
経過時間:223.47052001953125sec
num_evaluation of BBF = 100.0
 input_history 
[[7, 6], [10, 0], [35, 2], [15, 4], [17, 5], [6, 3], [19, 0], [4, 6], [4, 6], [34, 3], [37, 10], [29, 10], [35, 9], [6, 10], [12, 10], [28, 2], [12, 6], [27, 1], [17, 9], [19, 0], [34, 8], [0, 1], [34, 7], [12, 5], [33, 1], [6, 8], [24, 0], [21, 4], [8, 1], [22, 0], [6, 1], [20, 5], [39, 1], [17, 4], [33, 2], [19, 6], [15, 3], [14, 3], [20, 10], [16, 4], [23, 0], [6, 9], [23, 8], [6, 6], [26, 2], [13, 1], [37, 4], [20, 10], [21, 9], [21, 10]]
最小値:89.1312603818281
入力値:[19, 8]
経過時間:211.06542897224426sec
num_evaluation of BBF = 150.0
 input_history 
[[20, 10], [16, 4], [23, 0], [6, 9], [23, 8], [6, 6], [26, 2], [13, 1], [37, 4], [20, 10], [21, 9], [21, 10], [11, 1], [38, 4], [7, 2], [28, 2], [29, 3], [31, 1], [4, 2], [30, 9], [29, 3], [34, 4], [32, 8], [36, 3], [17, 9], [24, 1], [37, 6], [10, 2], [26, 1], [38, 2], [17, 3], [0, 6], [18, 6], [36, 9], [21, 4], [13, 7], [3, 10], [32, 1], [19, 5], [35, 2], [21, 9], [3, 5], [9, 4], [14, 7], [1, 1], [28, 9], [28, 10], [7, 3], [19, 8], [34, 6]]
最小値:89.1312603818281
入力値:[19, 8]
経過時間:208.42355918884277sec
num_evaluation of BBF = 200.0
 input_history 
[[28, 5], [22, 1], [22, 4], [27, 1], [29, 0], [24, 10], [29, 10], [12, 2], [22, 8], [1, 8], [35, 5], [19, 6], [9, 0], [13, 10], [33, 10]]
最小値:93.88133589208563
入力値:[22, 8]
経過時間:77.91329312324524sec
num_evaluation of BBF = 15.0
 input_history 
[[12, 2], [22, 8], [1, 8], [35, 5], [19, 6], [9, 0], [13, 10], [33, 10], [22, 2], [4, 5], [35, 4], [0, 10], [16, 4], [5, 4], [24, 3]]
最小値:93.88133589208563
入力値:[22, 8]
経過時間:66.62120246887207sec
num_evaluation of BBF = 30.0
 input_history 
[[22, 2], [4, 5], [35, 4], [0, 10], [16, 4], [5, 4], [24, 3], [30, 8], [4, 8], [0, 1], [34, 3], [13, 7], [15, 0], [38, 2], [29, 2], [34, 3], [19, 0], [17, 0], [34, 0], [36, 10]]
最小値:93.88133589208563
入力値:[22, 8]
経過時間:97.57479071617126sec
num_evaluation of BBF = 50.0
 input_history 
[[38, 2], [29, 2], [34, 3], [19, 0], [17, 0], [34, 0], [36, 10], [14, 7], [27, 0], [18, 4], [27, 0], [1, 6], [23, 6], [33, 7], [22, 2], [21, 0], [16, 9], [21, 3], [23, 0], [30, 6], [2, 6], [12, 5], [21, 2], [10, 3], [22, 3], [1, 6], [33, 8], [24, 6], [17, 7], [0, 1], [35, 6], [34, 0], [23, 4], [34, 8], [18, 4], [10, 8], [33, 6], [36, 9], [19, 5], [25, 2], [7, 1], [9, 7], [3, 4], [18, 3], [10, 3], [33, 10], [34, 10], [14, 6], [15, 1], [29, 2]]
最小値:92.9796200558668
入力値:[22, 3]
経過時間:213.54851484298706sec
num_evaluation of BBF = 100.0
 input_history 
[[18, 4], [10, 8], [33, 6], [36, 9], [19, 5], [25, 2], [7, 1], [9, 7], [3, 4], [18, 3], [10, 3], [33, 10], [34, 10], [14, 6], [15, 1], [29, 2], [25, 6], [15, 5], [28, 5], [33, 3], [22, 10], [13, 5], [2, 10], [25, 5], [30, 2], [9, 4], [29, 2], [0, 7], [12, 10], [9, 2], [23, 4], [18, 7], [35, 9], [16, 0], [20, 0], [3, 3], [27, 6], [20, 8], [9, 0], [13, 6], [9, 4], [39, 4], [11, 0], [27, 10], [22, 5], [26, 7], [3, 10], [6, 2], [5, 5], [22, 5]]
最小値:88.36584872452843
入力値:[18, 7]
経過時間:219.99115252494812sec
num_evaluation of BBF = 150.0
 input_history 
[[35, 9], [16, 0], [20, 0], [3, 3], [27, 6], [20, 8], [9, 0], [13, 6], [9, 4], [39, 4], [11, 0], [27, 10], [22, 5], [26, 7], [3, 10], [6, 2], [5, 5], [22, 5], [36, 7], [12, 1], [6, 7], [36, 5], [3, 6], [32, 3], [16, 10], [6, 7], [24, 9], [2, 1], [17, 9], [6, 4], [21, 3], [27, 3], [7, 3], [14, 1], [16, 1], [15, 2], [15, 0], [9, 0], [38, 6], [37, 10], [8, 9], [30, 7], [35, 4], [20, 2], [7, 0], [8, 5], [14, 10], [14, 1], [39, 4], [32, 7]]
最小値:88.36584872452843
入力値:[18, 7]
経過時間:225.68135499954224sec
num_evaluation of BBF = 200.0