
BO_ratio_matrix = 
[[95.13586356 95.30085448 96.9969193  97.86410017 95.08692055 96.44858404
  91.22213764 96.87507002 95.13586356 95.63983389]
 [95.13586356 95.30085448 91.22213764 96.09330899 95.08692055 96.44858404
  91.22213764 96.40032382 95.13586356 95.63983389]
 [95.13586356 95.30085448 91.22213764 95.08692055 95.08692055 96.44858404
  91.22213764 91.22213764 95.13586356 92.79929839]
 [95.13586356 95.30085448 91.22213764 95.08692055 95.08692055 95.08692055
  91.22213764 91.22213764 92.01229004 91.40719723]
 [95.08692055 95.30085448 91.22213764 91.22213764 95.08692055 95.08692055
  91.22213764 91.22213764 92.01229004 91.40719723]
 [95.08692055 95.30085448 91.22213764 91.22213764 95.08692055 95.08692055
  91.22213764 91.22213764 92.01229004 91.40719723]]
RS_ratio_matrix = 
[[96.08327476 96.57178375 95.13586356 96.40032382 96.59583745 96.59583745
  96.40032382 95.08692055 96.40032382 96.91590437]
 [96.08327476 96.57178375 95.13586356 96.40032382 96.59583745 96.59583745
  96.40032382 95.08692055 96.40032382 96.91590437]
 [96.08327476 95.08692055 92.01229004 91.22213764 91.22213764 96.59583745
  96.40032382 92.79929839 95.63983389 96.91590437]
 [91.40719723 95.08692055 92.01229004 91.22213764 91.22213764 95.08692055
  95.98504197 92.79929839 92.01229004 95.98504197]
 [91.40719723 95.08692055 92.01229004 91.22213764 91.22213764 91.22213764
  95.49213443 91.22213764 92.01229004 91.22213764]
 [91.40719723 95.08692055 92.01229004 91.22213764 91.22213764 91.22213764
  95.49213443 91.22213764 92.01229004 91.22213764]]
Mean Accumulated PREC(%) 10 times; BBF=[ 15.  30.  50. 100. 150. 200.]
BO_vec=array([95.57061472, 94.76858282, 93.86607181, 93.27833799, 92.8869654 ,
       92.8869654 ])
RS_vec=array([96.21863933, 96.21863933, 94.39779585, 93.2819276 , 92.21215205,
       92.21215205])
Median Accumulated PREC(%) 10 times; BBF=[ 15.  30.  50. 100. 150. 200.]
BO_vec=array([95.47034418, 95.21835902, 95.08692055, 93.54960529, 91.70974364,
       91.70974364])
RS_vec=array([96.40032382, 96.40032382, 95.36337722, 92.40579422, 91.31466744,
       91.31466744])
Min Accumulated PREC(%) 10 times; BBF=[ 15.  30.  50. 100. 150. 200.]
BO_vec=array([91.22213764, 91.22213764, 91.22213764, 91.22213764, 91.22213764,
       91.22213764])
RS_vec=array([95.08692055, 95.08692055, 91.22213764, 91.22213764, 91.22213764,
       91.22213764])
Max Accumulated PREC(%) 10 times; BBF=[ 15.  30.  50. 100. 150. 200.]
BO_vec=array([97.86410017, 96.44858404, 96.44858404, 95.30085448, 95.30085448,
       95.30085448])
RS_vec=array([96.91590437, 96.91590437, 96.91590437, 95.98504197, 95.49213443,
       95.49213443])