
 input
[[23, 1], [33, 1], [24, 0], [0, 1], [39, 1], [9, 0], [5, 1], [1, 1], [21, 0], [25, 1]]
 output
 [ 96.17112217  96.65277953  97.67540699  96.65176607  96.54640785
  97.35321385  96.74273726  96.58560996 103.41791209  97.52260529]
最小値:96.17112217020826
入力値:[23, 1]
経過時間:40.80691337585449sec
num_evaluation of BBF = 10.0
 input
[[23, 1], [33, 1], [24, 0], [0, 1], [39, 1], [9, 0], [5, 1], [1, 1], [21, 0], [25, 1], [21, 1], [32, 0], [14, 0], [16, 0], [19, 1], [17, 1], [14, 1], [13, 0], [33, 1], [10, 0], [20, 0], [22, 1], [26, 0], [13, 0], [9, 0], [3, 1], [13, 0], [10, 0], [28, 1], [31, 1]]
 output
 [ 96.17112217  96.65277953  97.67540699  96.65176607  96.54640785
  97.35321385  96.74273726  96.58560996 103.41791209  97.52260529
  93.73693092  96.5919632   99.81554686 105.17799724  89.89362644
 100.49718003  95.80083419  97.57570635  96.65277953  97.04124849
 104.40860939  96.05068065  95.46251287  97.57570635  97.35321385
  96.49184966  97.57570635  97.04124849  96.37677737  96.55928108]
最小値:89.89362643770342
入力値:[19, 1]
経過時間:88.16947817802429sec
num_evaluation of BBF = 30.0
 input
[[23, 1], [33, 1], [24, 0], [0, 1], [39, 1], [9, 0], [5, 1], [1, 1], [21, 0], [25, 1], [21, 1], [32, 0], [14, 0], [16, 0], [19, 1], [17, 1], [14, 1], [13, 0], [33, 1], [10, 0], [20, 0], [22, 1], [26, 0], [13, 0], [9, 0], [3, 1], [13, 0], [10, 0], [28, 1], [31, 1], [33, 0], [20, 1], [11, 1], [38, 0], [0, 0], [29, 0], [4, 0], [36, 1], [11, 0], [26, 1], [21, 1], [34, 0], [13, 0], [20, 1], [8, 1], [34, 0], [12, 1], [30, 1], [16, 0], [14, 0]]
 output
 [ 96.17112217  96.65277953  97.67540699  96.65176607  96.54640785
  97.35321385  96.74273726  96.58560996 103.41791209  97.52260529
  93.73693092  96.5919632   99.81554686 105.17799724  89.89362644
 100.49718003  95.80083419  97.57570635  96.65277953  97.04124849
 104.40860939  96.05068065  95.46251287  97.57570635  97.35321385
  96.49184966  97.57570635  97.04124849  96.37677737  96.55928108
  96.64951636  88.54511385  97.11658111  96.79649781  96.75901024
  96.60974025  96.8820788   96.64516694  96.83249285  97.10584353
  93.73693092  96.70917681  97.57570635  88.54511385  97.41854421
  96.70917681  97.71122475  96.5012153  105.17799724  99.81554686]
最小値:88.54511385467501
入力値:[20, 1]
経過時間:100.4595160484314sec
num_evaluation of BBF = 50.0
 input
[[39, 1], [5, 1], [9, 0], [8, 1], [38, 0], [3, 1], [1, 0], [23, 1], [21, 1], [20, 1]]
 output
 [96.54640785 96.74273726 97.35321385 97.41854421 96.79649781 96.49184966
 96.68530403 96.17112217 93.73693092 88.54511385]
最小値:88.54511385467501
入力値:[20, 1]
経過時間:45.03932857513428sec
num_evaluation of BBF = 10.0
 input
[[39, 1], [5, 1], [9, 0], [8, 1], [38, 0], [3, 1], [1, 0], [23, 1], [21, 1], [20, 1], [19, 1], [18, 0], [18, 1], [29, 0], [31, 1], [24, 0], [27, 1], [33, 0], [13, 1], [35, 1], [5, 0], [0, 1], [13, 0], [25, 1], [29, 1], [21, 0], [26, 1], [21, 0], [21, 0], [5, 0]]
 output
 [ 96.54640785  96.74273726  97.35321385  97.41854421  96.79649781
  96.49184966  96.68530403  96.17112217  93.73693092  88.54511385
  89.89362644 104.01291923  97.58563356  96.60974025  96.55928108
  97.67540699  96.10570883  96.64951636  97.39685041  96.59677559
  97.03114686  96.65176607  97.57570635  97.52260529  96.64098023
 103.41791209  97.10584353 103.41791209 103.41791209  97.03114686]
最小値:88.54511385467501
入力値:[20, 1]
経過時間:92.95872712135315sec
num_evaluation of BBF = 30.0
 input
[[39, 1], [5, 1], [9, 0], [8, 1], [38, 0], [3, 1], [1, 0], [23, 1], [21, 1], [20, 1], [19, 1], [18, 0], [18, 1], [29, 0], [31, 1], [24, 0], [27, 1], [33, 0], [13, 1], [35, 1], [5, 0], [0, 1], [13, 0], [25, 1], [29, 1], [21, 0], [26, 1], [21, 0], [21, 0], [5, 0], [21, 0], [34, 1], [7, 0], [38, 1], [25, 0], [17, 1], [26, 0], [33, 1], [12, 1], [29, 0], [34, 0], [11, 0], [38, 1], [27, 0], [24, 0], [0, 0], [26, 1], [36, 0], [25, 0], [4, 1]]
 output
 [ 96.54640785  96.74273726  97.35321385  97.41854421  96.79649781
  96.49184966  96.68530403  96.17112217  93.73693092  88.54511385
  89.89362644 104.01291923  97.58563356  96.60974025  96.55928108
  97.67540699  96.10570883  96.64951636  97.39685041  96.59677559
  97.03114686  96.65176607  97.57570635  97.52260529  96.64098023
 103.41791209  97.10584353 103.41791209 103.41791209  97.03114686
 103.41791209  96.63581954  97.11216094  96.73463353  95.49775998
 100.49718003  95.46251287  96.65277953  97.71122475  96.60974025
  96.70917681  96.83249285  96.73463353  96.31208335  97.67540699
  96.75901024  97.10584353  96.7642874   95.49775998  96.57269073]
最小値:88.54511385467501
入力値:[20, 1]
経過時間:96.88103938102722sec
num_evaluation of BBF = 50.0
 input
[[7, 1], [37, 0], [13, 0], [33, 0], [29, 1], [31, 1], [33, 1], [0, 0], [23, 0], [39, 0]]
 output
 [97.27895387 96.78206717 97.57570635 96.64951636 96.64098023 96.55928108
 96.65277953 96.75901024 97.65151589 96.78032572]
最小値:96.5592810840854
入力値:[31, 1]
経過時間:49.84567975997925sec
num_evaluation of BBF = 10.0
 input
[[7, 1], [37, 0], [13, 0], [33, 0], [29, 1], [31, 1], [33, 1], [0, 0], [23, 0], [39, 0], [30, 0], [2, 1], [3, 0], [32, 0], [18, 1], [31, 0], [19, 0], [1, 1], [38, 0], [9, 0], [26, 0], [39, 1], [24, 1], [13, 1], [16, 0], [36, 1], [27, 0], [25, 0], [11, 0], [10, 1]]
 output
 [ 97.27895387  96.78206717  97.57570635  96.64951636  96.64098023
  96.55928108  96.65277953  96.75901024  97.65151589  96.78032572
  96.58643959  96.59683933  96.72678182  96.5919632   97.58563356
  96.53368076 105.11526785  96.58560996  96.79649781  97.35321385
  95.46251287  96.54640785  97.7574564   97.39685041 105.17799724
  96.64516694  96.31208335  95.49775998  96.83249285  97.42555595]
最小値:95.46251286607381
入力値:[26, 0]
経過時間:98.59123826026917sec
num_evaluation of BBF = 30.0
 input
[[7, 1], [37, 0], [13, 0], [33, 0], [29, 1], [31, 1], [33, 1], [0, 0], [23, 0], [39, 0], [30, 0], [2, 1], [3, 0], [32, 0], [18, 1], [31, 0], [19, 0], [1, 1], [38, 0], [9, 0], [26, 0], [39, 1], [24, 1], [13, 1], [16, 0], [36, 1], [27, 0], [25, 0], [11, 0], [10, 1], [6, 0], [21, 1], [32, 1], [27, 1], [0, 1], [2, 1], [24, 0], [21, 0], [20, 1], [19, 1], [33, 0], [36, 0], [7, 0], [19, 0], [17, 1], [29, 0], [15, 1], [34, 0], [12, 1], [34, 1]]
 output
 [ 97.27895387  96.78206717  97.57570635  96.64951636  96.64098023
  96.55928108  96.65277953  96.75901024  97.65151589  96.78032572
  96.58643959  96.59683933  96.72678182  96.5919632   97.58563356
  96.53368076 105.11526785  96.58560996  96.79649781  97.35321385
  95.46251287  96.54640785  97.7574564   97.39685041 105.17799724
  96.64516694  96.31208335  95.49775998  96.83249285  97.42555595
  96.99187819  93.73693092  96.62236584  96.10570883  96.65176607
  96.59683933  97.67540699 103.41791209  88.54511385  89.89362644
  96.64951636  96.7642874   97.11216094 105.11526785 100.49718003
  96.60974025  93.62857901  96.70917681  97.71122475  96.63581954]
最小値:88.54511385467501
入力値:[20, 1]
経過時間:99.07814240455627sec
num_evaluation of BBF = 50.0