
 input_history 
[[0, 1], [3, 1], [9, 1], [21, 0], [36, 1], [6, 0], [24, 0], [1, 0], [39, 1], [24, 1]]
最小値:96.49184965592099
入力値:[3, 1]
経過時間:41.96736288070679sec
num_evaluation of BBF = 10.0
 input_history 
[[38, 1], [23, 0], [24, 1], [37, 1], [13, 0], [9, 0], [16, 1], [5, 0], [15, 1], [0, 0], [35, 0], [29, 1], [19, 0], [39, 0], [1, 1], [32, 1], [10, 0], [23, 1], [11, 0], [28, 0]]
最小値:93.54799015758923
入力値:[16, 1]
経過時間:83.37802696228027sec
num_evaluation of BBF = 30.0
 input_history 
[[35, 0], [11, 0], [28, 0], [0, 0], [36, 1], [5, 0], [17, 1], [4, 1], [31, 0], [1, 1], [39, 1], [35, 0], [11, 0], [18, 1], [0, 0], [35, 1], [12, 1], [20, 1], [4, 0], [4, 1]]
最小値:88.54511385467501
入力値:[20, 1]
経過時間:89.66104698181152sec
num_evaluation of BBF = 50.0
 input_history 
[[37, 1], [12, 0], [9, 1], [5, 1], [0, 0], [1, 0], [7, 1], [6, 1], [20, 0], [37, 0]]
最小値:96.6853040328507
入力値:[1, 0]
経過時間:45.2924165725708sec
num_evaluation of BBF = 10.0
 input_history 
[[37, 0], [20, 1], [28, 1], [14, 0], [4, 1], [23, 1], [30, 0], [22, 1], [9, 1], [22, 1], [1, 0], [17, 0], [24, 1], [8, 0], [7, 1], [6, 1], [3, 0], [24, 1], [12, 0], [16, 1]]
最小値:88.54511385467501
入力値:[20, 1]
経過時間:87.94936752319336sec
num_evaluation of BBF = 30.0
 input_history 
[[30, 1], [3, 0], [21, 1], [3, 0], [24, 1], [12, 0], [16, 1], [18, 1], [0, 0], [25, 1], [34, 1], [7, 0], [25, 0], [22, 1], [3, 1], [23, 1], [36, 1], [37, 1], [19, 0], [8, 0]]
最小値:88.54511385467501
入力値:[20, 1]
経過時間:87.85811138153076sec
num_evaluation of BBF = 50.0
 input_history 
[[15, 1], [8, 0], [18, 1], [7, 0], [31, 1], [21, 1], [31, 0], [20, 0], [37, 1], [3, 0]]
最小値:93.62857900884664
入力値:[15, 1]
経過時間:47.563825607299805sec
num_evaluation of BBF = 10.0
 input_history 
[[37, 1], [3, 0], [4, 0], [39, 0], [33, 0], [3, 1], [24, 0], [6, 1], [19, 1], [31, 0], [16, 0], [12, 0], [4, 0], [15, 1], [39, 1], [8, 0], [15, 1], [8, 1], [17, 0], [9, 1]]
最小値:89.89362643770342
入力値:[19, 1]
経過時間:92.56075954437256sec
num_evaluation of BBF = 30.0
 input_history 
[[8, 0], [15, 1], [8, 1], [17, 0], [9, 1], [26, 0], [19, 0], [32, 0], [8, 0], [10, 0], [34, 0], [9, 0], [37, 0], [22, 0], [19, 0], [18, 1], [4, 0], [17, 1], [6, 1], [37, 1]]
最小値:89.89362643770342
入力値:[19, 1]
経過時間:88.67455697059631sec
num_evaluation of BBF = 50.0