
 input
[[23, 81], [33, 81], [24, 37], [12, 5], [11, 46], [32, 46], [15, 80], [13, 62], [14, 92], [5, 84], [0, 39], [0, 30], [0, 53], [39, 96], [39, 70]]
 output
 [96.50349813 96.50350128 96.46223719 97.53290012 96.50126758 96.50785142
 96.50346231 96.5028292  96.50348118 96.50345122 96.54151888 96.52236323
 96.49347306 96.50348062 96.5065654 ]
最小値:96.46223719289716
入力値:[24, 37]
経過時間:61.62218451499939sec
num_evaluation of BBF = 15.0
 input
[[23, 81], [33, 81], [24, 37], [12, 5], [11, 46], [32, 46], [15, 80], [13, 62], [14, 92], [5, 84], [0, 39], [0, 30], [0, 53], [39, 96], [39, 70], [39, 57], [0, 96], [39, 35], [0, 72], [39, 89], [0, 65], [39, 53], [7, 61], [25, 14], [0, 17], [25, 70], [39, 13], [25, 0], [26, 0], [36, 61]]
 output
 [96.50349813 96.50350128 96.46223719 97.53290012 96.50126758 96.50785142
 96.50346231 96.5028292  96.50348118 96.50345122 96.54151888 96.52236323
 96.49347306 96.50348062 96.5065654  96.50544083 96.50348062 96.5141497
 96.50339716 96.50347741 96.50049784 96.5033873  96.4982912  95.62533485
 96.64874899 96.50523835 96.6916415  95.17268352 95.76498978 96.50679281]
最小値:95.17268351958865
入力値:[25, 0]
経過時間:66.47314047813416sec
num_evaluation of BBF = 30.0
 input
[[23, 81], [33, 81], [24, 37], [12, 5], [11, 46], [32, 46], [15, 80], [13, 62], [14, 92], [5, 84], [0, 39], [0, 30], [0, 53], [39, 96], [39, 70], [39, 57], [0, 96], [39, 35], [0, 72], [39, 89], [0, 65], [39, 53], [7, 61], [25, 14], [0, 17], [25, 70], [39, 13], [25, 0], [26, 0], [36, 61], [33, 47], [20, 48], [28, 12], [23, 0], [22, 0], [21, 0], [22, 3], [20, 0], [10, 81], [4, 39], [4, 11], [38, 24], [16, 70], [2, 48], [3, 29], [19, 58], [27, 93], [31, 17], [35, 59], [18, 0]]
 output
 [96.50349813 96.50350128 96.46223719 97.53290012 96.50126758 96.50785142
 96.50346231 96.5028292  96.50348118 96.50345122 96.54151888 96.52236323
 96.49347306 96.50348062 96.5065654  96.50544083 96.50348062 96.5141497
 96.50339716 96.50347741 96.50049784 96.5033873  96.4982912  95.62533485
 96.64874899 96.50523835 96.6916415  95.17268352 95.76498978 96.50679281
 96.50804838 96.40607375 96.04864718 93.85682372 93.54287225 93.98141435
 94.58041524 94.34070019 96.50348385 96.49448679 96.96309391 96.54620304
 96.50169151 96.50757898 96.53691978 96.4894137  96.50347932 96.48410992
 96.50609263 95.22091984]
最小値:93.54287225497319
入力値:[22, 0]
経過時間:90.55896258354187sec
num_evaluation of BBF = 50.0
 input
[[23, 81], [33, 81], [24, 37], [12, 5], [11, 46], [32, 46], [15, 80], [13, 62], [14, 92], [5, 84], [0, 39], [0, 30], [0, 53], [39, 96], [39, 70], [39, 57], [0, 96], [39, 35], [0, 72], [39, 89], [0, 65], [39, 53], [7, 61], [25, 14], [0, 17], [25, 70], [39, 13], [25, 0], [26, 0], [36, 61], [33, 47], [20, 48], [28, 12], [23, 0], [22, 0], [21, 0], [22, 3], [20, 0], [10, 81], [4, 39], [4, 11], [38, 24], [16, 70], [2, 48], [3, 29], [19, 58], [27, 93], [31, 17], [35, 59], [18, 0], [22, 1], [34, 0], [19, 96], [21, 15], [15, 30], [0, 1], [8, 96], [32, 96], [28, 55], [9, 27], [28, 32], [28, 10], [16, 29], [38, 94], [39, 0], [39, 42], [14, 33], [33, 69], [14, 51], [10, 73], [30, 8], [4, 86], [32, 14], [17, 11], [9, 71], [25, 23], [21, 80], [7, 0], [9, 70], [22, 30], [32, 77], [13, 84], [24, 21], [22, 1], [30, 36], [36, 30], [29, 86], [9, 90], [22, 17], [3, 51], [19, 71], [19, 0], [26, 0], [36, 41], [36, 26], [15, 94], [23, 1], [23, 96], [24, 54], [23, 6]]
 output
 [96.50349813 96.50350128 96.46223719 97.53290012 96.50126758 96.50785142
 96.50346231 96.5028292  96.50348118 96.50345122 96.54151888 96.52236323
 96.49347306 96.50348062 96.5065654  96.50544083 96.50348062 96.5141497
 96.50339716 96.50347741 96.50049784 96.5033873  96.4982912  95.62533485
 96.64874899 96.50523835 96.6916415  95.17268352 95.76498978 96.50679281
 96.50804838 96.40607375 96.04864718 93.85682372 93.54287225 93.98141435
 94.58041524 94.34070019 96.50348385 96.49448679 96.96309391 96.54620304
 96.50169151 96.50757898 96.53691978 96.4894137  96.50347932 96.48410992
 96.50609263 95.22091984 92.70444763 96.33602731 96.50348082 96.38479691
 96.44098955 96.56834401 96.50348056 96.50348093 96.49402273 96.53640882
 96.58298702 96.13371624 96.38032753 96.50348004 96.54606552 96.48816582
 96.5076879  96.50339124 96.49843959 96.50215191 96.28988808 96.50347635
 96.73144232 94.67029346 96.50410757 96.63274859 96.50344171 96.30668898
 96.50469348 96.3477697  96.50346639 96.50349665 96.74410606 92.70444763
 96.51994186 96.46289239 96.50348025 96.50348109 96.75968209 96.48467351
 96.50277027 94.72860598 95.76498978 96.45639235 96.48270528 96.50348031
 91.87912937 96.50348082 96.4985104  90.89857049]
最小値:90.89857049060316
入力値:[23, 6]
経過時間:240.54405760765076sec
num_evaluation of BBF = 100.0
 input
[[23, 81], [33, 81], [24, 37], [12, 5], [11, 46], [32, 46], [15, 80], [13, 62], [14, 92], [5, 84], [0, 39], [0, 30], [0, 53], [39, 96], [39, 70], [39, 57], [0, 96], [39, 35], [0, 72], [39, 89], [0, 65], [39, 53], [7, 61], [25, 14], [0, 17], [25, 70], [39, 13], [25, 0], [26, 0], [36, 61], [33, 47], [20, 48], [28, 12], [23, 0], [22, 0], [21, 0], [22, 3], [20, 0], [10, 81], [4, 39], [4, 11], [38, 24], [16, 70], [2, 48], [3, 29], [19, 58], [27, 93], [31, 17], [35, 59], [18, 0], [22, 1], [34, 0], [19, 96], [21, 15], [15, 30], [0, 1], [8, 96], [32, 96], [28, 55], [9, 27], [28, 32], [28, 10], [16, 29], [38, 94], [39, 0], [39, 42], [14, 33], [33, 69], [14, 51], [10, 73], [30, 8], [4, 86], [32, 14], [17, 11], [9, 71], [25, 23], [21, 80], [7, 0], [9, 70], [22, 30], [32, 77], [13, 84], [24, 21], [22, 1], [30, 36], [36, 30], [29, 86], [9, 90], [22, 17], [3, 51], [19, 71], [19, 0], [26, 0], [36, 41], [36, 26], [15, 94], [23, 1], [23, 96], [24, 54], [23, 6], [33, 47], [23, 7], [14, 18], [16, 36], [39, 31], [12, 70], [15, 90], [23, 16], [17, 40], [24, 6], [22, 7], [21, 7], [17, 42], [17, 10], [24, 4], [18, 16], [4, 40], [31, 26], [3, 28], [7, 84], [14, 10], [24, 48], [37, 2], [14, 25], [38, 40], [11, 21], [15, 69], [21, 90], [38, 72], [12, 31], [21, 14], [5, 56], [6, 40], [23, 65], [32, 85], [31, 23], [21, 6], [20, 6], [5, 2], [13, 26], [17, 93], [1, 4], [2, 76], [25, 42], [32, 53], [29, 52], [26, 83], [26, 62], [12, 32], [14, 22]]
 output
 [96.50349813 96.50350128 96.46223719 97.53290012 96.50126758 96.50785142
 96.50346231 96.5028292  96.50348118 96.50345122 96.54151888 96.52236323
 96.49347306 96.50348062 96.5065654  96.50544083 96.50348062 96.5141497
 96.50339716 96.50347741 96.50049784 96.5033873  96.4982912  95.62533485
 96.64874899 96.50523835 96.6916415  95.17268352 95.76498978 96.50679281
 96.50804838 96.40607375 96.04864718 93.85682372 93.54287225 93.98141435
 94.58041524 94.34070019 96.50348385 96.49448679 96.96309391 96.54620304
 96.50169151 96.50757898 96.53691978 96.4894137  96.50347932 96.48410992
 96.50609263 95.22091984 92.70444763 96.33602731 96.50348082 96.38479691
 96.44098955 96.56834401 96.50348056 96.50348093 96.49402273 96.53640882
 96.58298702 96.13371624 96.38032753 96.50348004 96.54606552 96.48816582
 96.5076879  96.50339124 96.49843959 96.50215191 96.28988808 96.50347635
 96.73144232 94.67029346 96.50410757 96.63274859 96.50344171 96.30668898
 96.50469348 96.3477697  96.50346639 96.50349665 96.74410606 92.70444763
 96.51994186 96.46289239 96.50348025 96.50348109 96.75968209 96.48467351
 96.50277027 94.72860598 95.76498978 96.45639235 96.48270528 96.50348031
 91.87912937 96.50348082 96.4985104  90.89857049 96.50804838 91.55753837
 96.37936627 96.42708476 96.45543687 96.50418445 96.50348132 96.92286511
 96.38122681 93.55183029 90.52598856 90.28670202 96.42115747 93.8452215
 92.35998551 96.53086339 96.48728667 96.5444383  96.52357665 96.50345719
 94.70917668 96.46482618 96.53139136 96.52818896 96.54726493 96.67234248
 96.50497076 96.50348035 96.50467207 96.53558384 96.59646306 96.50780992
 96.52818582 96.50252174 96.50348452 96.56810951 89.7191922  89.22805633
 96.2524361  96.48106662 96.50348044 95.97145565 96.50384686 96.48877199
 96.50156343 96.5070595  96.5034724  96.50917373 96.53841937 96.35883766]
最小値:89.2280563275335
入力値:[20, 6]
経過時間:280.0459542274475sec
num_evaluation of BBF = 150.0
 input
[[23, 81], [33, 81], [24, 37], [12, 5], [11, 46], [32, 46], [15, 80], [13, 62], [14, 92], [5, 84], [0, 39], [0, 30], [0, 53], [39, 96], [39, 70], [39, 57], [0, 96], [39, 35], [0, 72], [39, 89], [0, 65], [39, 53], [7, 61], [25, 14], [0, 17], [25, 70], [39, 13], [25, 0], [26, 0], [36, 61], [33, 47], [20, 48], [28, 12], [23, 0], [22, 0], [21, 0], [22, 3], [20, 0], [10, 81], [4, 39], [4, 11], [38, 24], [16, 70], [2, 48], [3, 29], [19, 58], [27, 93], [31, 17], [35, 59], [18, 0], [22, 1], [34, 0], [19, 96], [21, 15], [15, 30], [0, 1], [8, 96], [32, 96], [28, 55], [9, 27], [28, 32], [28, 10], [16, 29], [38, 94], [39, 0], [39, 42], [14, 33], [33, 69], [14, 51], [10, 73], [30, 8], [4, 86], [32, 14], [17, 11], [9, 71], [25, 23], [21, 80], [7, 0], [9, 70], [22, 30], [32, 77], [13, 84], [24, 21], [22, 1], [30, 36], [36, 30], [29, 86], [9, 90], [22, 17], [3, 51], [19, 71], [19, 0], [26, 0], [36, 41], [36, 26], [15, 94], [23, 1], [23, 96], [24, 54], [23, 6], [33, 47], [23, 7], [14, 18], [16, 36], [39, 31], [12, 70], [15, 90], [23, 16], [17, 40], [24, 6], [22, 7], [21, 7], [17, 42], [17, 10], [24, 4], [18, 16], [4, 40], [31, 26], [3, 28], [7, 84], [14, 10], [24, 48], [37, 2], [14, 25], [38, 40], [11, 21], [15, 69], [21, 90], [38, 72], [12, 31], [21, 14], [5, 56], [6, 40], [23, 65], [32, 85], [31, 23], [21, 6], [20, 6], [5, 2], [13, 26], [17, 93], [1, 4], [2, 76], [25, 42], [32, 53], [29, 52], [26, 83], [26, 62], [12, 32], [14, 22], [33, 47], [20, 48], [28, 12], [23, 30], [28, 6], [31, 7], [24, 56], [10, 65], [2, 91], [21, 14], [25, 71], [4, 84], [12, 96], [23, 19], [31, 39], [19, 6], [21, 8], [21, 5], [28, 51], [31, 70], [14, 60], [38, 28], [13, 4], [14, 7], [16, 3], [25, 68], [35, 34], [22, 56], [37, 86], [10, 34], [5, 85], [35, 70], [23, 11], [37, 86], [32, 60], [1, 44], [15, 70], [30, 62], [20, 65], [18, 71], [23, 75], [29, 91], [9, 9], [10, 56], [5, 64], [27, 57], [31, 72], [30, 18], [20, 5], [12, 73]]
 output
 [96.50349813 96.50350128 96.46223719 97.53290012 96.50126758 96.50785142
 96.50346231 96.5028292  96.50348118 96.50345122 96.54151888 96.52236323
 96.49347306 96.50348062 96.5065654  96.50544083 96.50348062 96.5141497
 96.50339716 96.50347741 96.50049784 96.5033873  96.4982912  95.62533485
 96.64874899 96.50523835 96.6916415  95.17268352 95.76498978 96.50679281
 96.50804838 96.40607375 96.04864718 93.85682372 93.54287225 93.98141435
 94.58041524 94.34070019 96.50348385 96.49448679 96.96309391 96.54620304
 96.50169151 96.50757898 96.53691978 96.4894137  96.50347932 96.48410992
 96.50609263 95.22091984 92.70444763 96.33602731 96.50348082 96.38479691
 96.44098955 96.56834401 96.50348056 96.50348093 96.49402273 96.53640882
 96.58298702 96.13371624 96.38032753 96.50348004 96.54606552 96.48816582
 96.5076879  96.50339124 96.49843959 96.50215191 96.28988808 96.50347635
 96.73144232 94.67029346 96.50410757 96.63274859 96.50344171 96.30668898
 96.50469348 96.3477697  96.50346639 96.50349665 96.74410606 92.70444763
 96.51994186 96.46289239 96.50348025 96.50348109 96.75968209 96.48467351
 96.50277027 94.72860598 95.76498978 96.45639235 96.48270528 96.50348031
 91.87912937 96.50348082 96.4985104  90.89857049 96.50804838 91.55753837
 96.37936627 96.42708476 96.45543687 96.50418445 96.50348132 96.92286511
 96.38122681 93.55183029 90.52598856 90.28670202 96.42115747 93.8452215
 92.35998551 96.53086339 96.48728667 96.5444383  96.52357665 96.50345719
 94.70917668 96.46482618 96.53139136 96.52818896 96.54726493 96.67234248
 96.50497076 96.50348035 96.50467207 96.53558384 96.59646306 96.50780992
 96.52818582 96.50252174 96.50348452 96.56810951 89.7191922  89.22805633
 96.2524361  96.48106662 96.50348044 95.97145565 96.50384686 96.48877199
 96.50156343 96.5070595  96.5034724  96.50917373 96.53841937 96.35883766
 96.50804838 96.40607375 96.04864718 96.4204495  96.23178465 96.35469573
 96.50294104 96.49612899 96.50347996 96.59646306 96.50485885 96.50345372
 96.50348061 96.61983025 96.54047556 93.73805621 92.46552646 89.12964142
 96.51900424 96.50217087 96.50119404 96.48052908 96.90189581 94.33821085
 94.09977533 96.50617076 96.52687288 96.48693727 96.50347992 96.51317933
 96.50347698 96.50605095 95.93700456 96.50347992 96.5013645  96.5085944
 96.50495117 96.50982698 96.50941853 96.50258585 96.50466762 96.50347878
 98.04550389 96.50580004 96.50880117 96.50613732 96.50291027 96.75287154
 91.344466   96.50370845]
最小値:89.12964142118724
入力値:[21, 5]
経過時間:300.84395122528076sec
num_evaluation of BBF = 200.0