
BO_ratio_matrix = 
[[99.5802293 ]
 [98.2489928 ]
 [96.56650042]
 [93.8367257 ]
 [92.11221476]
 [92.01061875]]
RS_ratio_matrix = 
[[98.88955004]
 [98.88955004]
 [98.88955004]
 [94.89396782]
 [94.89396782]
 [94.89396782]]
Mean Accumulated PREC(%) 1 times; BBF=[ 15.  30.  50. 100. 150. 200.]
BO_vec=array([99.5802293 , 98.2489928 , 96.56650042, 93.8367257 , 92.11221476,
       92.01061875])
RS_vec=array([98.88955004, 98.88955004, 98.88955004, 94.89396782, 94.89396782,
       94.89396782])
Median Accumulated PREC(%) 1 times; BBF=[ 15.  30.  50. 100. 150. 200.]
BO_vec=array([99.5802293 , 98.2489928 , 96.56650042, 93.8367257 , 92.11221476,
       92.01061875])
RS_vec=array([98.88955004, 98.88955004, 98.88955004, 94.89396782, 94.89396782,
       94.89396782])
Min Accumulated PREC(%) 1 times; BBF=[ 15.  30.  50. 100. 150. 200.]
BO_vec=array([99.5802293 , 98.2489928 , 96.56650042, 93.8367257 , 92.11221476,
       92.01061875])
RS_vec=array([98.88955004, 98.88955004, 98.88955004, 94.89396782, 94.89396782,
       94.89396782])
Max Accumulated PREC(%) 1 times; BBF=[ 15.  30.  50. 100. 150. 200.]
BO_vec=array([99.5802293 , 98.2489928 , 96.56650042, 93.8367257 , 92.11221476,
       92.01061875])
RS_vec=array([98.88955004, 98.88955004, 98.88955004, 94.89396782, 94.89396782,
       94.89396782])