
 input
[[23, 8], [33, 8], [24, 4], [12, 1], [11, 5], [32, 5], [15, 8], [13, 6], [14, 10], [5, 9], [16, 10], [15, 0], [39, 10], [0, 10], [16, 1], [30, 0], [18, 2], [33, 5], [4, 8], [35, 3]]
 output
 [ 96.97489371  96.80843885  97.99865081  97.71122475  96.61000334
  96.63797619  92.15703058  97.20586443  94.19683007  95.89703775
  97.30062091 103.48101406  96.24593493  96.74295047  93.54799016
  96.58643959  96.20909057  96.56788966  96.98538633  96.54978052]
最小値:92.15703058210372
入力値:[15, 8]
経過時間:109.09312605857849sec
num_evaluation of BBF = 20.0