
 input_history 
[[9, 4], [15, 0], [28, 9], [29, 0], [29, 1], [8, 9], [0, 10], [36, 3], [16, 4], [11, 6], [24, 10], [33, 8], [36, 1], [13, 5], [13, 3]]
最小値:94.063297427534
入力値:[8, 9]
経過時間:60.328195571899414sec
num_evaluation of BBF = 15.0
 input_history 
[[33, 8], [36, 1], [13, 5], [13, 3], [25, 6], [30, 9], [12, 1], [31, 9], [36, 2], [29, 6], [23, 8], [11, 10], [24, 9], [15, 2], [16, 6]]
最小値:94.063297427534
入力値:[8, 9]
経過時間:59.9021155834198sec
num_evaluation of BBF = 30.0
 input_history 
[[23, 8], [11, 10], [24, 9], [15, 2], [16, 6], [7, 8], [11, 1], [7, 1], [20, 10], [32, 8], [5, 4], [7, 8], [24, 2], [34, 8], [15, 8], [15, 6], [21, 10], [22, 0], [12, 0], [15, 8]]
最小値:92.15703058210372
入力値:[15, 8]
経過時間:77.32116293907166sec
num_evaluation of BBF = 50.0
 input_history 
[[6, 6], [21, 10], [22, 0], [12, 0], [15, 8], [33, 2], [25, 9], [37, 0], [18, 7], [3, 0], [20, 2], [14, 3], [15, 3], [17, 2], [25, 0], [17, 0], [17, 9], [16, 9], [26, 2], [30, 1], [17, 0], [0, 5], [9, 0], [38, 6], [32, 2], [3, 3], [27, 2], [13, 10], [29, 1], [22, 5], [11, 5], [33, 8], [32, 5], [9, 8], [37, 10], [7, 8], [21, 8], [28, 9], [25, 1], [21, 9], [33, 4], [23, 7], [27, 7], [9, 7], [22, 0], [3, 9], [12, 4], [30, 6], [10, 9], [2, 1]]
最小値:88.36584872452843
入力値:[18, 7]
経過時間:205.55604767799377sec
num_evaluation of BBF = 100.0
 input_history 
[[24, 0], [37, 9], [37, 10], [7, 8], [21, 8], [28, 9], [25, 1], [21, 9], [33, 4], [23, 7], [27, 7], [9, 7], [22, 0], [3, 9], [12, 4], [30, 6], [10, 9], [2, 1], [38, 3], [13, 4], [5, 4], [34, 8], [32, 7], [30, 6], [5, 8], [18, 2], [1, 2], [27, 3], [37, 7], [24, 7], [15, 7], [6, 9], [0, 4], [14, 5], [4, 6], [9, 0], [36, 10], [38, 4], [9, 8], [16, 7], [17, 7], [33, 10], [15, 5], [5, 0], [13, 8], [3, 7], [17, 5], [20, 5], [6, 8], [16, 10]]
最小値:88.36584872452843
入力値:[18, 7]
経過時間:205.64105987548828sec
num_evaluation of BBF = 150.0
 input_history 
[[0, 4], [14, 5], [4, 6], [9, 0], [36, 10], [38, 4], [9, 8], [16, 7], [17, 7], [33, 10], [15, 5], [5, 0], [13, 8], [3, 7], [17, 5], [20, 5], [6, 8], [16, 10], [4, 6], [19, 5], [9, 3], [35, 0], [11, 9], [18, 3], [17, 10], [36, 0], [30, 5], [32, 10], [17, 3], [31, 0], [32, 6], [37, 7], [20, 9], [0, 0], [25, 2], [2, 1], [6, 6], [29, 10], [7, 3], [0, 7], [29, 10], [23, 9], [16, 2], [34, 10], [12, 10], [15, 0], [5, 8], [27, 0], [5, 9], [19, 10]]
最小値:88.36584872452843
入力値:[18, 7]
経過時間:203.55722546577454sec
num_evaluation of BBF = 200.0
 input_history 
[[25, 0], [27, 1], [13, 1], [7, 2], [24, 0], [32, 4], [34, 1], [10, 5], [39, 4], [17, 8], [17, 3], [6, 2], [0, 0], [23, 6], [25, 10]]
最小値:94.09957468945377
入力値:[25, 10]
経過時間:61.96941566467285sec
num_evaluation of BBF = 15.0
 input_history 
[[27, 8], [17, 3], [6, 2], [0, 0], [23, 6], [25, 10], [27, 5], [14, 7], [15, 0], [27, 8], [31, 5], [7, 2], [35, 1], [3, 8], [23, 1]]
最小値:94.09957468945377
入力値:[25, 10]
経過時間:61.485453605651855sec
num_evaluation of BBF = 30.0
 input_history 
[[27, 8], [31, 5], [7, 2], [35, 1], [3, 8], [23, 1], [4, 8], [32, 3], [25, 5], [26, 6], [17, 2], [10, 0], [8, 4], [33, 1], [31, 9], [11, 2], [8, 3], [32, 4], [18, 8], [38, 7]]
最小値:92.31685541285962
入力値:[17, 2]
経過時間:82.0666024684906sec
num_evaluation of BBF = 50.0
 input_history 
[[1, 9], [11, 2], [8, 3], [32, 4], [18, 8], [38, 7], [34, 7], [31, 4], [36, 4], [28, 9], [1, 10], [21, 6], [20, 10], [17, 1], [4, 10], [39, 3], [21, 3], [35, 1], [6, 8], [1, 7], [36, 8], [5, 5], [27, 2], [21, 7], [10, 0], [16, 5], [23, 4], [34, 4], [34, 7], [17, 1], [21, 1], [35, 2], [19, 3], [18, 0], [30, 2], [15, 0], [24, 3], [23, 2], [9, 7], [13, 2], [12, 2], [27, 9], [17, 1], [12, 6], [11, 5], [30, 1], [17, 8], [38, 2], [1, 6], [30, 8]]
最小値:92.31685541285962
入力値:[17, 2]
経過時間:205.15584635734558sec
num_evaluation of BBF = 100.0
 input_history 
[[30, 2], [15, 0], [24, 3], [23, 2], [9, 7], [13, 2], [12, 2], [27, 9], [17, 1], [12, 6], [11, 5], [30, 1], [17, 8], [38, 2], [1, 6], [30, 8], [9, 10], [25, 3], [20, 9], [27, 4], [5, 3], [1, 10], [21, 9], [25, 5], [34, 0], [7, 1], [16, 0], [14, 1], [2, 2], [28, 10], [35, 1], [10, 0], [0, 1], [23, 8], [24, 7], [14, 4], [0, 1], [9, 5], [38, 7], [30, 7], [28, 5], [35, 1], [36, 3], [23, 8], [30, 8], [26, 7], [3, 0], [35, 9], [1, 6], [31, 4]]
最小値:92.31685541285962
入力値:[17, 2]
経過時間:203.93572473526sec
num_evaluation of BBF = 150.0
 input_history 
[[24, 7], [14, 4], [0, 1], [9, 5], [38, 7], [30, 7], [28, 5], [35, 1], [36, 3], [23, 8], [30, 8], [26, 7], [3, 0], [35, 9], [1, 6], [31, 4], [3, 10], [5, 1], [29, 2], [4, 7], [23, 0], [15, 6], [33, 10], [17, 5], [35, 8], [22, 4], [31, 5], [38, 0], [25, 3], [14, 9], [5, 3], [17, 4], [2, 6], [8, 0], [13, 5], [39, 9], [20, 4], [2, 3], [39, 4], [21, 10], [34, 7], [2, 6], [31, 2], [6, 1], [2, 2], [1, 4], [36, 6], [18, 6], [0, 5], [23, 10]]
最小値:92.31685541285962
入力値:[17, 2]
経過時間:203.1247911453247sec
num_evaluation of BBF = 200.0
 input_history 
[[11, 6], [2, 3], [3, 0], [22, 1], [5, 9], [34, 6], [10, 0], [12, 2], [25, 3], [36, 3], [33, 7], [32, 2], [22, 2], [16, 4], [6, 9]]
最小値:93.64233138215775
入力値:[25, 3]
経過時間:61.82547950744629sec
num_evaluation of BBF = 15.0
 input_history 
[[35, 1], [30, 7], [32, 2], [22, 2], [16, 4], [6, 9], [30, 0], [32, 9], [24, 9], [33, 8], [4, 0], [4, 1], [37, 5], [4, 5], [11, 5]]
最小値:93.64233138215775
入力値:[25, 3]
経過時間:61.01039433479309sec
num_evaluation of BBF = 30.0
 input_history 
[[4, 0], [4, 1], [37, 5], [4, 5], [11, 5], [32, 10], [6, 6], [3, 2], [28, 10], [20, 3], [20, 1], [20, 9], [5, 3], [32, 2], [6, 2], [27, 3], [34, 6], [36, 5], [0, 0], [37, 4]]
最小値:88.54511385467501
入力値:[20, 1]
経過時間:82.19760155677795sec
num_evaluation of BBF = 50.0
 input_history 
[[5, 3], [32, 2], [6, 2], [27, 3], [34, 6], [36, 5], [0, 0], [37, 4], [16, 3], [23, 9], [38, 1], [4, 9], [22, 5], [9, 2], [4, 0], [4, 3], [7, 3], [30, 1], [36, 10], [12, 3], [8, 10], [8, 6], [14, 4], [25, 4], [33, 4], [17, 10], [4, 3], [24, 0], [33, 4], [31, 6], [37, 4], [2, 10], [10, 0], [31, 1], [34, 5], [10, 2], [16, 1], [20, 10], [39, 7], [30, 9], [17, 6], [17, 3], [15, 0], [33, 8], [20, 10], [8, 8], [8, 3], [14, 5], [1, 6], [18, 3]]
最小値:88.54511385467501
入力値:[20, 1]
経過時間:205.47473311424255sec
num_evaluation of BBF = 100.0
 input_history 
[[32, 1], [34, 5], [10, 2], [16, 1], [20, 10], [39, 7], [30, 9], [17, 6], [17, 3], [15, 0], [33, 8], [20, 10], [8, 8], [8, 3], [14, 5], [1, 6], [18, 3], [28, 1], [25, 3], [2, 2], [8, 9], [37, 9], [1, 7], [36, 0], [29, 8], [17, 4], [10, 7], [2, 2], [15, 4], [32, 8], [5, 2], [26, 4], [30, 7], [29, 5], [32, 2], [12, 4], [22, 6], [29, 2], [23, 2], [33, 5], [19, 7], [27, 7], [17, 2], [17, 5], [32, 8], [38, 5], [6, 4], [23, 8], [33, 8], [18, 7]]
最小値:88.36584872452843
入力値:[18, 7]
経過時間:203.76705884933472sec
num_evaluation of BBF = 150.0
 input_history 
[[2, 4], [22, 6], [29, 2], [23, 2], [33, 5], [19, 7], [27, 7], [17, 2], [17, 5], [32, 8], [38, 5], [6, 4], [23, 8], [33, 8], [18, 7], [32, 1], [32, 5], [9, 0], [13, 0], [27, 7], [30, 4], [35, 2], [19, 4], [28, 4], [7, 2], [18, 10], [35, 0], [6, 1], [8, 6], [14, 6], [30, 1], [3, 0], [37, 3], [35, 7], [11, 5], [26, 10], [7, 7], [34, 3], [34, 10], [29, 5], [10, 8], [20, 3], [28, 0], [17, 8], [4, 8], [32, 1], [5, 1], [2, 9], [0, 10], [8, 3]]
最小値:88.36584872452843
入力値:[18, 7]
経過時間:206.0911910533905sec
num_evaluation of BBF = 200.0
 input_history 
[[18, 0], [10, 0], [38, 2], [25, 10], [35, 10], [2, 6], [37, 10], [9, 4], [2, 0], [19, 5], [19, 6], [11, 1], [18, 8], [28, 8], [12, 10]]
最小値:93.95981414023791
入力値:[19, 6]
経過時間:60.503443241119385sec
num_evaluation of BBF = 15.0
 input_history 
[[11, 1], [18, 8], [28, 8], [12, 10], [22, 2], [39, 3], [5, 8], [24, 5], [24, 1], [7, 7], [6, 3], [15, 6], [38, 3], [10, 8], [22, 4]]
最小値:93.41772164111069
入力値:[15, 6]
経過時間:61.32649803161621sec
num_evaluation of BBF = 30.0
 input_history 
[[6, 3], [15, 6], [38, 3], [10, 8], [22, 4], [30, 3], [5, 0], [21, 9], [35, 2], [17, 8], [37, 5], [25, 1], [1, 0], [26, 7], [26, 5], [36, 3], [22, 1], [3, 9], [35, 4], [36, 4]]
最小値:93.41772164111069
入力値:[15, 6]
経過時間:83.88587307929993sec
num_evaluation of BBF = 50.0
 input_history 
[[5, 9], [1, 0], [26, 7], [26, 5], [36, 3], [22, 1], [3, 9], [35, 4], [36, 4], [27, 6], [19, 3], [25, 0], [36, 9], [9, 2], [2, 2], [9, 10], [28, 7], [24, 6], [10, 1], [28, 7], [27, 0], [3, 4], [23, 8], [13, 10], [27, 4], [31, 1], [16, 7], [14, 7], [25, 6], [30, 1], [31, 2], [8, 6], [38, 5], [2, 1], [37, 6], [31, 8], [5, 6], [17, 3], [32, 8], [18, 3], [26, 3], [12, 9], [17, 8], [16, 5], [32, 5], [36, 8], [28, 0], [13, 6], [17, 10], [25, 4]]
最小値:93.08449709519311
入力値:[16, 5]
経過時間:204.50365900993347sec
num_evaluation of BBF = 100.0
 input_history 
[[8, 6], [38, 5], [2, 1], [37, 6], [31, 8], [5, 6], [17, 3], [32, 8], [18, 3], [26, 3], [12, 9], [17, 8], [16, 5], [32, 5], [36, 8], [28, 0], [13, 6], [17, 10], [25, 4], [17, 7], [11, 1], [31, 9], [12, 8], [17, 6], [24, 6], [22, 8], [38, 8], [0, 2], [14, 8], [39, 5], [28, 4], [21, 2], [1, 1], [9, 10], [22, 5], [36, 6], [10, 4], [0, 4], [29, 7], [39, 0], [15, 10], [17, 2], [13, 4], [17, 6], [14, 1], [5, 2], [26, 10], [25, 7], [10, 1], [39, 0]]
最小値:92.31685541285962
入力値:[17, 2]
経過時間:206.8921763896942sec
num_evaluation of BBF = 150.0
 input_history 
[[1, 1], [9, 10], [22, 5], [36, 6], [10, 4], [0, 4], [29, 7], [39, 0], [15, 10], [17, 2], [13, 4], [17, 6], [14, 1], [5, 2], [26, 10], [25, 7], [10, 1], [39, 0], [31, 2], [38, 9], [20, 5], [32, 6], [36, 8], [38, 7], [38, 9], [32, 9], [6, 4], [39, 8], [36, 6], [23, 5], [6, 10], [1, 4], [25, 4], [25, 5], [39, 5], [4, 0], [7, 3], [26, 8], [27, 7], [0, 3], [30, 3], [33, 9], [3, 2], [35, 9], [20, 10], [22, 3], [15, 4], [13, 3], [23, 6], [23, 5]]
最小値:92.31685541285962
入力値:[17, 2]
経過時間:205.7577965259552sec
num_evaluation of BBF = 200.0
 input_history 
[[24, 6], [7, 9], [38, 10], [28, 10], [16, 8], [26, 9], [23, 6], [32, 7], [4, 10], [10, 0], [22, 4], [5, 5], [37, 9], [39, 3], [15, 4]]
最小値:94.09308794842673
入力値:[24, 6]
経過時間:61.063048124313354sec
num_evaluation of BBF = 15.0
 input_history 
[[37, 9], [39, 3], [15, 4], [13, 8], [17, 6], [0, 9], [27, 5], [26, 6], [1, 7], [10, 3], [1, 9], [11, 1], [37, 8], [15, 9], [21, 3]]
最小値:94.09308794842673
入力値:[24, 6]
経過時間:63.17446184158325sec
num_evaluation of BBF = 30.0
 input_history 
[[10, 3], [1, 9], [11, 1], [37, 8], [15, 9], [21, 3], [10, 9], [14, 9], [14, 4], [16, 5], [1, 4], [3, 1], [12, 5], [17, 3], [35, 0], [39, 1], [10, 4], [21, 4], [3, 8], [38, 9]]
最小値:93.08449709519311
入力値:[16, 5]
経過時間:84.56502366065979sec
num_evaluation of BBF = 50.0
 input_history 
[[12, 5], [17, 3], [35, 0], [39, 1], [10, 4], [21, 4], [3, 8], [38, 9], [8, 4], [35, 6], [22, 8], [12, 2], [12, 7], [33, 0], [4, 8], [26, 1], [28, 6], [8, 2], [37, 1], [15, 2], [0, 10], [27, 3], [19, 3], [27, 6], [10, 10], [29, 10], [34, 2], [14, 4], [7, 7], [37, 6], [9, 3], [8, 5], [18, 2], [3, 3], [36, 7], [36, 5], [39, 9], [19, 4], [3, 3], [25, 2], [28, 10], [37, 0], [29, 6], [7, 0], [20, 4], [14, 9], [17, 7], [32, 6], [30, 3], [7, 9]]
最小値:93.08449709519311
入力値:[16, 5]
経過時間:204.84717869758606sec
num_evaluation of BBF = 100.0
 input_history 
[[19, 4], [36, 5], [39, 9], [19, 4], [3, 3], [25, 2], [28, 10], [37, 0], [29, 6], [7, 0], [20, 4], [14, 9], [17, 7], [32, 6], [30, 3], [7, 9], [22, 2], [26, 3], [1, 7], [26, 1], [34, 0], [10, 0], [13, 3], [27, 9], [31, 7], [16, 3], [22, 0], [26, 6], [30, 1], [6, 6], [0, 8], [7, 2], [18, 2], [7, 4], [26, 2], [34, 7], [19, 9], [32, 8], [19, 3], [15, 7], [29, 0], [39, 8], [3, 8], [32, 4], [7, 1], [39, 8], [1, 4], [39, 7], [11, 4], [7, 1]]
最小値:93.07477704500839
入力値:[16, 3]
経過時間:204.78419637680054sec
num_evaluation of BBF = 150.0
 input_history 
[[7, 4], [26, 2], [34, 7], [19, 9], [32, 8], [19, 3], [15, 7], [29, 0], [39, 8], [3, 8], [32, 4], [7, 1], [39, 8], [1, 4], [39, 7], [11, 4], [7, 1], [12, 0], [33, 4], [0, 3], [11, 8], [19, 2], [2, 9], [0, 0], [23, 8], [0, 1], [0, 0], [24, 10], [12, 9], [10, 6], [31, 7], [15, 0], [4, 8], [24, 3], [26, 6], [30, 0], [18, 7], [36, 8], [22, 8], [15, 2], [32, 5], [18, 7], [11, 0], [16, 5], [31, 1], [17, 8], [15, 8], [24, 3], [3, 8], [19, 9]]
最小値:88.36584872452843
入力値:[18, 7]
経過時間:205.2047221660614sec
num_evaluation of BBF = 200.0
 input_history 
[[8, 5], [12, 5], [0, 7], [11, 5], [29, 1], [31, 7], [32, 10], [15, 4], [39, 5], [19, 6], [15, 8], [1, 0], [21, 10], [34, 2], [1, 8]]
最小値:92.15703058210372
入力値:[15, 8]
経過時間:61.072386264801025sec
num_evaluation of BBF = 15.0
 input_history 
[[29, 6], [15, 8], [1, 0], [21, 10], [34, 2], [1, 8], [6, 9], [34, 8], [22, 8], [15, 8], [28, 3], [4, 7], [2, 10], [32, 5], [7, 3]]
最小値:92.15703058210372
入力値:[15, 8]
経過時間:61.18756294250488sec
num_evaluation of BBF = 30.0
 input_history 
[[7, 2], [32, 5], [7, 3], [24, 5], [19, 1], [29, 8], [12, 1], [2, 8], [17, 3], [23, 2], [23, 2], [26, 10], [16, 10], [32, 7], [6, 4], [28, 4], [35, 7], [28, 5], [0, 9], [20, 8]]
最小値:89.89362643770342
入力値:[19, 1]
経過時間:82.44013381004333sec
num_evaluation of BBF = 50.0
 input_history 
[[16, 10], [32, 7], [6, 4], [28, 4], [35, 7], [28, 5], [0, 9], [20, 8], [38, 3], [14, 2], [39, 10], [18, 2], [35, 3], [3, 5], [19, 0], [32, 6], [33, 2], [33, 4], [23, 8], [39, 10], [11, 2], [15, 5], [12, 3], [27, 8], [20, 9], [20, 1], [0, 4], [13, 7], [5, 9], [3, 0], [11, 1], [10, 4], [37, 4], [27, 8], [19, 9], [31, 1], [35, 5], [17, 6], [7, 0], [25, 7], [24, 3], [4, 9], [10, 2], [34, 4], [2, 0], [13, 1], [23, 5], [10, 6], [6, 7], [31, 6]]
最小値:88.54511385467501
入力値:[20, 1]
経過時間:206.86253380775452sec
num_evaluation of BBF = 100.0
 input_history 
[[20, 8], [19, 9], [31, 1], [35, 5], [17, 6], [7, 0], [25, 7], [24, 3], [4, 9], [10, 2], [34, 4], [2, 0], [13, 1], [23, 5], [10, 6], [6, 7], [31, 6], [25, 4], [21, 0], [11, 9], [26, 4], [32, 3], [6, 2], [2, 4], [1, 8], [6, 5], [26, 2], [33, 9], [29, 5], [34, 1], [22, 0], [0, 3], [13, 8], [29, 3], [26, 8], [39, 0], [22, 0], [37, 4], [20, 10], [26, 7], [8, 7], [29, 1], [20, 3], [28, 3], [19, 5], [11, 0], [11, 7], [8, 10], [39, 6], [19, 3]]
最小値:88.54511385467501
入力値:[20, 1]
経過時間:205.92570638656616sec
num_evaluation of BBF = 150.0
 input_history 
[[29, 3], [26, 8], [39, 0], [22, 0], [37, 4], [20, 10], [26, 7], [8, 7], [29, 1], [20, 3], [28, 3], [19, 5], [11, 0], [11, 7], [8, 10], [39, 6], [19, 3], [11, 8], [17, 5], [37, 7], [39, 4], [33, 2], [17, 6], [27, 4], [30, 1], [27, 2], [30, 4], [23, 7], [30, 5], [9, 7], [7, 1], [13, 3], [25, 4], [21, 4], [23, 4], [30, 1], [26, 4], [3, 2], [28, 1], [4, 3], [39, 1], [31, 10], [10, 3], [24, 6], [31, 7], [23, 7], [15, 7], [29, 6], [21, 4], [23, 0]]
最小値:88.54511385467501
入力値:[20, 1]
経過時間:205.41743922233582sec
num_evaluation of BBF = 200.0
 input_history 
[[5, 1], [4, 4], [32, 0], [30, 8], [18, 4], [32, 1], [31, 10], [34, 4], [14, 0], [37, 2], [8, 2], [37, 9], [36, 1], [14, 5], [31, 6]]
最小値:93.57747919892549
入力値:[18, 4]
経過時間:60.73540711402893sec
num_evaluation of BBF = 15.0
 input_history 
[[28, 2], [8, 2], [37, 9], [36, 1], [14, 5], [31, 6], [39, 5], [15, 8], [16, 6], [8, 5], [18, 4], [18, 1], [24, 7], [1, 6], [17, 1]]
最小値:92.15703058210372
入力値:[15, 8]
経過時間:62.241029262542725sec
num_evaluation of BBF = 30.0
 input_history 
[[8, 5], [18, 4], [18, 1], [24, 7], [1, 6], [17, 1], [3, 8], [28, 1], [23, 6], [1, 9], [22, 0], [36, 3], [4, 2], [27, 3], [35, 3], [22, 0], [27, 1], [38, 1], [37, 6], [15, 2]]
最小値:92.15703058210372
入力値:[15, 8]
経過時間:81.36127018928528sec
num_evaluation of BBF = 50.0
 input_history 
[[27, 3], [35, 3], [22, 0], [27, 1], [38, 1], [37, 6], [15, 2], [4, 3], [34, 5], [17, 2], [20, 10], [25, 9], [36, 2], [15, 5], [5, 1], [27, 2], [3, 9], [37, 1], [28, 7], [35, 8], [16, 6], [11, 0], [5, 6], [13, 5], [17, 0], [35, 3], [34, 2], [26, 7], [38, 7], [25, 0], [18, 6], [2, 7], [22, 9], [30, 6], [18, 6], [37, 0], [1, 10], [2, 5], [11, 10], [31, 6], [13, 1], [34, 4], [17, 3], [24, 7], [18, 1], [6, 8], [34, 9], [21, 2], [38, 7], [39, 5]]
最小値:92.15703058210372
入力値:[15, 8]
経過時間:205.18908286094666sec
num_evaluation of BBF = 100.0
 input_history 
[[30, 6], [18, 6], [37, 0], [1, 10], [2, 5], [11, 10], [31, 6], [13, 1], [34, 4], [17, 3], [24, 7], [18, 1], [6, 8], [34, 9], [21, 2], [38, 7], [39, 5], [19, 9], [6, 0], [1, 1], [1, 6], [5, 6], [11, 8], [26, 0], [17, 10], [4, 6], [36, 8], [33, 7], [13, 3], [13, 4], [14, 3], [9, 3], [9, 3], [37, 0], [34, 4], [9, 7], [23, 8], [17, 4], [26, 3], [25, 3], [34, 8], [33, 0], [15, 0], [31, 9], [14, 5], [3, 10], [13, 4], [11, 5], [4, 0], [27, 1]]
最小値:92.15703058210372
入力値:[15, 8]
経過時間:207.15924286842346sec
num_evaluation of BBF = 150.0
 input_history 
[[3, 9], [19, 5], [15, 0], [34, 4], [9, 7], [23, 8], [17, 4], [26, 3], [25, 3], [34, 8], [33, 0], [15, 0], [31, 9], [14, 5], [3, 10], [13, 4], [11, 5], [4, 0], [27, 1], [32, 5], [4, 5], [29, 10], [33, 2], [17, 6], [16, 8], [39, 10], [16, 2], [26, 7], [2, 2], [1, 2], [11, 5], [11, 9], [15, 1], [11, 3], [11, 0], [19, 1], [2, 3], [20, 9], [35, 5], [5, 7], [15, 9], [12, 10], [11, 10], [23, 7], [28, 3], [15, 5], [25, 7], [38, 10], [18, 2], [32, 3]]
最小値:89.89362643770342
入力値:[19, 1]
経過時間:207.64730381965637sec
num_evaluation of BBF = 200.0
 input_history 
[[15, 6], [22, 9], [22, 4], [39, 4], [7, 1], [17, 9], [10, 2], [3, 6], [27, 6], [27, 9], [30, 1], [37, 1], [32, 5], [38, 6], [2, 6]]
最小値:93.41772164111069
入力値:[15, 6]
経過時間:62.071993589401245sec
num_evaluation of BBF = 15.0
 input_history 
[[30, 1], [37, 1], [32, 5], [38, 6], [2, 6], [13, 8], [27, 10], [19, 2], [8, 3], [27, 2], [23, 10], [27, 8], [15, 10], [2, 1], [24, 1]]
最小値:93.41772164111069
入力値:[15, 6]
経過時間:61.676620960235596sec
num_evaluation of BBF = 30.0
 input_history 
[[26, 8], [15, 10], [2, 1], [24, 1], [8, 0], [12, 4], [15, 10], [36, 4], [29, 3], [19, 7], [21, 1], [25, 4], [25, 7], [3, 10], [35, 1], [13, 6], [1, 3], [14, 8], [3, 10], [18, 8]]
最小値:93.41772164111069
入力値:[15, 6]
経過時間:85.29101490974426sec
num_evaluation of BBF = 50.0
 input_history 
[[35, 1], [13, 6], [1, 3], [14, 8], [3, 10], [18, 8], [1, 0], [4, 8], [2, 1], [36, 3], [2, 8], [14, 7], [21, 7], [35, 3], [25, 8], [21, 10], [6, 4], [2, 2], [24, 2], [38, 4], [25, 9], [5, 9], [2, 0], [18, 9], [12, 10], [28, 1], [1, 0], [21, 5], [6, 6], [21, 7], [26, 2], [6, 8], [38, 0], [15, 9], [18, 7], [26, 0], [39, 1], [24, 1], [14, 3], [39, 7], [19, 9], [2, 10], [21, 1], [2, 7], [21, 8], [18, 2], [8, 2], [25, 6], [13, 3], [12, 3]]
最小値:88.36584872452843
入力値:[18, 7]
経過時間:206.42381930351257sec
num_evaluation of BBF = 100.0
 input_history 
[[15, 9], [18, 7], [26, 0], [39, 1], [24, 1], [14, 3], [39, 7], [19, 9], [2, 10], [21, 1], [2, 7], [21, 8], [18, 2], [8, 2], [25, 6], [13, 3], [12, 3], [11, 8], [15, 0], [25, 4], [34, 9], [23, 8], [24, 3], [10, 10], [34, 2], [19, 5], [33, 9], [36, 1], [4, 0], [5, 6], [9, 7], [26, 3], [34, 8], [12, 3], [13, 3], [21, 8], [20, 10], [26, 6], [27, 3], [17, 0], [0, 3], [4, 6], [0, 0], [24, 3], [6, 7], [1, 6], [9, 10], [30, 4], [39, 4], [32, 6]]
最小値:88.36584872452843
入力値:[18, 7]
経過時間:205.72178173065186sec
num_evaluation of BBF = 150.0
 input_history 
[[12, 3], [13, 3], [21, 8], [20, 10], [26, 6], [27, 3], [17, 0], [0, 3], [4, 6], [0, 0], [24, 3], [6, 7], [1, 6], [9, 10], [30, 4], [39, 4], [32, 6], [37, 8], [7, 6], [29, 5], [27, 6], [8, 2], [28, 4], [25, 6], [33, 9], [15, 10], [28, 5], [5, 5], [7, 5], [9, 8], [1, 9], [0, 9], [26, 6], [18, 2], [39, 6], [35, 4], [22, 3], [20, 10], [31, 10], [3, 10], [7, 6], [12, 6], [39, 2], [1, 10], [20, 1], [34, 8], [7, 5], [39, 8], [26, 2], [11, 2]]
最小値:88.36584872452843
入力値:[18, 7]
経過時間:205.51461601257324sec
num_evaluation of BBF = 200.0
 input_history 
[[19, 8], [5, 1], [2, 8], [24, 2], [17, 5], [21, 10], [10, 4], [11, 7], [36, 4], [1, 3], [9, 5], [14, 6], [21, 8], [18, 0], [29, 9]]
最小値:89.1312603818281
入力値:[19, 8]
経過時間:61.94827890396118sec
num_evaluation of BBF = 15.0
 input_history 
[[5, 6], [21, 8], [18, 0], [29, 9], [13, 10], [13, 3], [28, 3], [31, 5], [11, 10], [34, 9], [29, 6], [25, 3], [35, 5], [26, 3], [38, 3]]
最小値:89.1312603818281
入力値:[19, 8]
経過時間:61.22897505760193sec
num_evaluation of BBF = 30.0
 input_history 
[[22, 9], [3, 4], [35, 5], [26, 3], [38, 3], [11, 9], [32, 4], [27, 2], [28, 2], [13, 5], [14, 3], [13, 7], [27, 3], [35, 0], [20, 3], [37, 5], [38, 6], [14, 4], [1, 10], [35, 2]]
最小値:89.1312603818281
入力値:[19, 8]
経過時間:81.08571124076843sec
num_evaluation of BBF = 50.0
 input_history 
[[16, 5], [20, 3], [37, 5], [38, 6], [14, 4], [1, 10], [35, 2], [20, 4], [16, 8], [34, 4], [5, 6], [28, 7], [38, 6], [29, 10], [12, 7], [23, 6], [19, 6], [29, 2], [23, 0], [2, 0], [5, 6], [2, 0], [9, 5], [9, 2], [27, 5], [20, 7], [36, 10], [3, 0], [23, 3], [14, 0], [22, 5], [23, 9], [6, 2], [2, 2], [38, 10], [15, 8], [1, 2], [26, 1], [11, 9], [8, 3], [3, 9], [22, 3], [21, 7], [13, 2], [34, 9], [20, 3], [18, 7], [24, 1], [17, 6], [9, 0]]
最小値:88.36584872452843
入力値:[18, 7]
経過時間:206.52838850021362sec
num_evaluation of BBF = 100.0
 input_history 
[[8, 1], [34, 9], [26, 1], [11, 9], [8, 3], [3, 9], [22, 3], [21, 7], [13, 2], [34, 9], [20, 3], [18, 7], [24, 1], [17, 6], [9, 0], [31, 4], [19, 2], [4, 2], [8, 10], [12, 9], [22, 7], [14, 6], [36, 3], [20, 5], [16, 8], [18, 3], [36, 2], [0, 0], [21, 6], [26, 6], [33, 4], [24, 7], [37, 6], [10, 0], [35, 5], [8, 4], [36, 0], [3, 7], [2, 5], [1, 1], [1, 5], [7, 7], [11, 5], [18, 5], [5, 5], [29, 5], [21, 1], [8, 4], [12, 10], [4, 9]]
最小値:88.36584872452843
入力値:[18, 7]
経過時間:207.07883381843567sec
num_evaluation of BBF = 150.0
 input_history 
[[33, 4], [24, 7], [37, 6], [10, 0], [35, 5], [8, 4], [36, 0], [3, 7], [2, 5], [1, 1], [1, 5], [7, 7], [11, 5], [18, 5], [5, 5], [29, 5], [21, 1], [8, 4], [12, 10], [4, 9], [18, 4], [33, 8], [12, 4], [22, 9], [3, 1], [31, 9], [6, 1], [34, 7], [24, 6], [4, 2], [33, 10], [8, 2], [2, 9], [14, 2], [31, 4], [2, 0], [14, 8], [12, 10], [12, 7], [37, 0], [36, 1], [17, 3], [21, 9], [4, 1], [28, 4], [35, 1], [11, 2], [36, 8], [26, 10], [34, 9]]
最小値:88.36584872452843
入力値:[18, 7]
経過時間:207.4045467376709sec
num_evaluation of BBF = 200.0
 input_history 
[[29, 5], [34, 8], [19, 4], [10, 2], [22, 2], [5, 1], [10, 6], [39, 7], [16, 7], [7, 9], [11, 9], [4, 5], [37, 7], [28, 1], [2, 5]]
最小値:94.96483275566018
入力値:[7, 9]
経過時間:62.69832110404968sec
num_evaluation of BBF = 15.0
 input_history 
[[37, 7], [28, 1], [2, 5], [35, 9], [37, 5], [32, 1], [4, 6], [28, 1], [12, 3], [20, 1], [19, 5], [25, 3], [27, 7], [9, 4], [0, 9]]
最小値:88.54511385467501
入力値:[20, 1]
経過時間:61.5882294178009sec
num_evaluation of BBF = 30.0
 input_history 
[[27, 7], [9, 4], [0, 9], [35, 2], [31, 0], [10, 7], [26, 5], [3, 5], [11, 9], [24, 0], [7, 1], [9, 4], [26, 2], [38, 6], [33, 0], [3, 4], [10, 6], [12, 10], [6, 3], [9, 5]]
最小値:88.54511385467501
入力値:[20, 1]
経過時間:83.00470185279846sec
num_evaluation of BBF = 50.0
 input_history 
[[26, 2], [38, 6], [33, 0], [3, 4], [10, 6], [12, 10], [6, 3], [9, 5], [23, 4], [28, 9], [5, 4], [33, 4], [3, 9], [13, 6], [25, 8], [20, 9], [35, 10], [9, 6], [1, 1], [16, 6], [39, 9], [35, 5], [5, 7], [17, 3], [21, 8], [29, 3], [4, 5], [22, 5], [18, 6], [21, 9], [38, 3], [20, 9], [35, 0], [24, 9], [14, 5], [6, 7], [3, 8], [25, 4], [36, 3], [24, 3], [17, 6], [39, 2], [3, 0], [4, 2], [29, 7], [12, 4], [7, 2], [4, 2], [27, 9], [8, 3]]
最小値:88.54511385467501
入力値:[20, 1]
経過時間:208.45669841766357sec
num_evaluation of BBF = 100.0
 input_history 
[[38, 3], [20, 9], [35, 0], [24, 9], [14, 5], [6, 7], [3, 8], [25, 4], [36, 3], [24, 3], [17, 6], [39, 2], [3, 0], [4, 2], [29, 7], [12, 4], [7, 2], [4, 2], [27, 9], [8, 3], [26, 9], [30, 4], [26, 3], [33, 10], [3, 2], [7, 9], [23, 3], [34, 0], [34, 7], [18, 0], [31, 8], [26, 9], [13, 4], [10, 2], [33, 2], [35, 9], [29, 2], [11, 4], [27, 5], [32, 2], [10, 3], [14, 9], [17, 7], [14, 4], [11, 8], [16, 8], [4, 7], [24, 2], [14, 2], [0, 2]]
最小値:88.54511385467501
入力値:[20, 1]
経過時間:208.91736841201782sec
num_evaluation of BBF = 150.0
 input_history 
[[4, 4], [10, 2], [33, 2], [35, 9], [29, 2], [11, 4], [27, 5], [32, 2], [10, 3], [14, 9], [17, 7], [14, 4], [11, 8], [16, 8], [4, 7], [24, 2], [14, 2], [0, 2], [20, 1], [22, 10], [7, 7], [25, 8], [21, 8], [34, 5], [20, 4], [33, 9], [33, 9], [34, 9], [20, 0], [21, 0], [22, 7], [28, 6], [13, 1], [33, 6], [19, 3], [37, 9], [3, 5], [20, 0], [17, 6], [14, 7], [2, 1], [15, 8], [9, 10], [26, 6], [38, 6], [1, 6], [26, 1], [32, 4], [9, 0], [31, 0]]
最小値:88.54511385467501
入力値:[20, 1]
経過時間:206.83427715301514sec
num_evaluation of BBF = 200.0