
BO_ratio_matrix = 
[[95.13586356 95.30085448 96.9969193  97.86410017 95.08692055 96.44858404
  91.22213764 96.87507002 95.13586356 95.63983389]
 [95.13586356 95.30085448 91.22213764 96.09330899 95.08692055 96.44858404
  91.22213764 96.40032382 95.13586356 95.63983389]
 [95.13586356 95.30085448 91.22213764 95.08692055 95.08692055 96.44858404
  91.22213764 91.22213764 95.13586356 92.79929839]
 [95.13586356 95.30085448 91.22213764 95.08692055 95.08692055 95.08692055
  91.22213764 91.22213764 92.01229004 91.40719723]
 [95.08692055 95.30085448 91.22213764 91.22213764 95.08692055 95.08692055
  91.22213764 91.22213764 92.01229004 91.40719723]
 [95.08692055 95.30085448 91.22213764 91.22213764 95.08692055 95.08692055
  91.22213764 91.22213764 92.01229004 91.40719723]]
RS_ratio_matrix = 
[[97.10374753 97.14119739 96.66917441 96.9969193  97.13450098 95.13586356
  96.60222598 96.4373045  92.01229004 98.03442358]
 [97.10374753 97.14119739 96.66917441 96.4373045  97.13450098 95.13586356
  95.13586356 96.4373045  92.01229004 91.40719723]
 [95.13586356 95.30085448 91.40719723 96.4373045  96.09330899 92.79929839
  95.13586356 96.4373045  92.01229004 91.40719723]
 [91.22213764 95.30085448 91.40719723 96.09330899 96.09330899 91.40719723
  95.13586356 91.22213764 91.22213764 91.40719723]
 [91.22213764 95.30085448 91.22213764 95.30085448 96.08327476 91.40719723
  95.13586356 91.22213764 91.22213764 91.40719723]
 [91.22213764 95.30085448 91.22213764 95.30085448 91.22213764 91.40719723
  92.79929839 91.22213764 91.22213764 91.40719723]]
Mean Accumulated PREC(%) 10 times; BBF=[ 15.  30.  50. 100. 150. 200.]
BO_vec=array([95.57061472, 94.76858282, 93.86607181, 93.27833799, 92.8869654 ,
       92.8869654 ])
RS_vec=array([96.32676473, 95.46144437, 94.21664825, 93.05113406, 92.95237923,
       92.232609  ])
Median Accumulated PREC(%) 10 times; BBF=[ 15.  30.  50. 100. 150. 200.]
BO_vec=array([95.47034418, 95.21835902, 95.08692055, 93.54960529, 91.70974364,
       91.70974364])
RS_vec=array([96.83304685, 96.4373045 , 95.13586356, 91.40719723, 91.40719723,
       91.31466744])
Min Accumulated PREC(%) 10 times; BBF=[ 15.  30.  50. 100. 150. 200.]
BO_vec=array([91.22213764, 91.22213764, 91.22213764, 91.22213764, 91.22213764,
       91.22213764])
RS_vec=array([92.01229004, 91.40719723, 91.40719723, 91.22213764, 91.22213764,
       91.22213764])
Max Accumulated PREC(%) 10 times; BBF=[ 15.  30.  50. 100. 150. 200.]
BO_vec=array([97.86410017, 96.44858404, 96.44858404, 95.30085448, 95.30085448,
       95.30085448])
RS_vec=array([98.03442358, 97.14119739, 96.4373045 , 96.09330899, 96.08327476,
       95.30085448])