
BO_ratio_matrix = 
[[99.56417195 99.5786273  99.50515785 99.44752993 99.561848   99.56797518
  99.57291546 99.58990767 99.56105868 99.54882259]
 [99.53422904 99.57531029 99.47877298 99.44752993 99.561848   99.50805055
  99.3963693  99.57720561 99.55026718 99.50182915]
 [99.14190253 99.5597675  99.35508356 99.09895073 99.561848   99.50805055
  99.34470302 99.43550741 99.4708585  99.50182915]
 [98.94691999 99.51893896 99.35508356 99.09895073 99.50351273 99.294573
  99.34470302 99.4071637  99.4708585  99.50182915]
 [98.94691999 99.51893896 99.35508356 99.09895073 99.50351273 99.294573
  99.34470302 99.4071637  98.94691999 98.62319853]
 [98.94691999 99.49733748 99.35508356 99.09895073 99.27508638 99.294573
  99.34470302 99.4071637  98.94691999 98.62319853]]
RS_ratio_matrix = 
[[99.6059547  99.47217939 99.59243352 99.5460957  99.5746589  98.93987916
  99.60764726 99.59921754 99.51644564 99.59116545]
 [99.59473821 99.47217939 99.09895073 99.5460957  99.56702993 98.93987916
  99.58153915 99.59921754 99.51644564 99.56289749]
 [99.57053624 99.47217939 99.09895073 99.50182915 99.49778549 98.93987916
  99.58153915 99.47498217 99.51644564 99.52269822]
 [99.45293434 98.94715625 99.09895073 99.46170709 98.93987916 98.93987916
  99.55186546 99.47403934 99.48595558 99.34514992]
 [98.94715625 98.94715625 98.57924101 99.13486747 98.93987916 98.93987916
  99.45306074 99.47403934 99.46097675 99.34514992]
 [98.94715625 98.94715625 98.57924101 99.13486747 98.93987916 98.93987916
  99.19073358 99.22041172 99.13486747 99.34514992]]
Mean Accumulated PREC(%) 10 times; BBF=[ 15.  30.  50. 100. 150. 200.]
BO_vec=array([99.54980146, 99.5131412 , 99.3978501 , 99.34425334, 99.20399642,
       99.17899364])
RS_vec=array([99.50456773, 99.44789729, 99.41768253, 99.2697517 , 99.1221406 ,
       99.0379342 ])
Median Accumulated PREC(%) 10 times; BBF=[ 15.  30.  50. 100. 150. 200.]
BO_vec=array([99.56300997, 99.52113979, 99.45318295, 99.38112363, 99.31963801,
       99.28482969])
RS_vec=array([99.58291217, 99.5544966 , 99.49980732, 99.39904213, 99.04101186,
       99.04101186])
Min Accumulated PREC(%) 10 times; BBF=[ 15.  30.  50. 100. 150. 200.]
BO_vec=array([99.44752993, 99.3963693 , 99.09895073, 98.94691999, 98.62319853,
       98.62319853])
RS_vec=array([98.93987916, 98.93987916, 98.93987916, 98.93987916, 98.57924101,
       98.57924101])
Max Accumulated PREC(%) 10 times; BBF=[ 15.  30.  50. 100. 150. 200.]
BO_vec=array([99.58990767, 99.57720561, 99.561848  , 99.51893896, 99.51893896,
       99.49733748])
RS_vec=array([99.60764726, 99.59921754, 99.58153915, 99.55186546, 99.47403934,
       99.34514992])