
 input_history 
[[0, 67, 21.476737057365405], [39, 9, 7.413821807158342], [36, 87, 23.50638004692479], [24, 12, -6.993508870453336], [38, 39, 1.7336951851742697], [24, 81, 25.535798297559666], [13, 72, -24.77224201790756], [16, 69, 16.689405056991028], [0, 82, -1.5835172835773719], [29, 19, 10.732771807137617], [39, 32, 4.921187524506429], [32, 31, -23.64554356873247], [23, 35, -18.820059400394403], [28, 34, -21.886909595672876], [36, 53, -21.01950796897901]]
最小値:94.34671671301646
入力値:[36, 53, -21.01950796897901]
経過時間:61.469820976257324sec
num_evaluation of BBF = 15.0
 input_history 
[[9, 20, -28.786896153580457], [5, 79, 22.200728894809153], [18, 88, 18.05464511877865], [29, 19, 10.732771807137617], [39, 32, 4.921187524506429], [32, 31, -23.64554356873247], [23, 35, -18.820059400394403], [28, 34, -21.886909595672876], [36, 53, -21.01950796897901], [17, 79, 24.155908531764275], [31, 1, 11.857871755635891], [35, 11, -17.377046335569545], [27, 0, -11.074298944548968], [12, 42, -3.683909192260778], [4, 6, -23.877311355118316]]
最小値:93.82566475381927
入力値:[27, 0, -11.074298944548968]
経過時間:62.30069851875305sec
num_evaluation of BBF = 30.0
 input_history 
[[35, 75, 14.215090627737489], [28, 34, -21.886909595672876], [36, 53, -21.01950796897901], [17, 79, 24.155908531764275], [31, 1, 11.857871755635891], [35, 11, -17.377046335569545], [27, 0, -11.074298944548968], [12, 42, -3.683909192260778], [4, 6, -23.877311355118316], [3, 76, 9.186499527923907], [14, 15, -1.5181498626952248], [23, 79, -23.37749153014169], [21, 48, -21.70902291908317], [35, 64, 9.751612017002657], [30, 0, 7.370765732800166], [36, 34, 28.316700149979944], [3, 42, 28.60566529142023], [39, 21, 14.355814763898103], [0, 10, -13.031582245415425], [23, 59, -22.876336862745354]]
最小値:92.85829339679213
入力値:[36, 34, 28.316700149979944]
経過時間:82.61383032798767sec
num_evaluation of BBF = 50.0
 input_history 
[[20, 75, 29.30243028355357], [4, 47, -17.46739463430992], [3, 76, 9.186499527923907], [14, 15, -1.5181498626952248], [23, 79, -23.37749153014169], [21, 48, -21.70902291908317], [35, 64, 9.751612017002657], [30, 0, 7.370765732800166], [36, 34, 28.316700149979944], [3, 42, 28.60566529142023], [39, 21, 14.355814763898103], [0, 10, -13.031582245415425], [23, 59, -22.876336862745354], [34, 62, -5.1442203291198005], [3, 82, 3.9113319962925175], [20, 81, 0.5381376400208673], [14, 41, 25.269456614231984], [36, 10, -13.336886323138053], [11, 2, -22.09212825573647], [32, 54, -12.635634423167936], [19, 46, 5.190776088604991], [13, 30, -21.213494236253265], [2, 3, 12.224236757394976], [13, 40, 15.366401631902455], [31, 72, 23.762303250544626], [3, 61, -3.17247728294236], [4, 67, 11.96875651905026], [22, 77, -5.290791662109317], [11, 56, -15.012223460701314], [29, 21, 27.924973231195622], [16, 60, 9.58010472416477], [19, 33, -6.307842392986252], [36, 70, -11.905510999527039], [13, 71, -12.595343567373355], [15, 41, -4.273877943254032], [15, 11, -24.457566632346108], [29, 1, 4.459514930974727], [24, 24, -4.114893873961563], [3, 76, -3.8481044840623895], [22, 61, 2.2213512825467774], [32, 11, 25.168956824680414], [10, 54, 29.930820394071993], [28, 2, 0.4989269147334525], [25, 23, 16.74306117654214], [20, 53, 4.146044316875596], [35, 39, -25.849980272691717], [23, 3, -4.795477812563359], [3, 31, -29.002321575967965], [27, 45, 15.894701939811434], [21, 44, -9.635770833028886]]
最小値:92.85829339679213
入力値:[36, 34, 28.316700149979944]
経過時間:208.79263472557068sec
num_evaluation of BBF = 100.0
 input_history 
[[2, 3, 12.224236757394976], [13, 40, 15.366401631902455], [31, 72, 23.762303250544626], [3, 61, -3.17247728294236], [4, 67, 11.96875651905026], [22, 77, -5.290791662109317], [11, 56, -15.012223460701314], [29, 21, 27.924973231195622], [16, 60, 9.58010472416477], [19, 33, -6.307842392986252], [36, 70, -11.905510999527039], [13, 71, -12.595343567373355], [15, 41, -4.273877943254032], [15, 11, -24.457566632346108], [29, 1, 4.459514930974727], [24, 24, -4.114893873961563], [3, 76, -3.8481044840623895], [22, 61, 2.2213512825467774], [32, 11, 25.168956824680414], [10, 54, 29.930820394071993], [28, 2, 0.4989269147334525], [25, 23, 16.74306117654214], [20, 53, 4.146044316875596], [35, 39, -25.849980272691717], [23, 3, -4.795477812563359], [3, 31, -29.002321575967965], [27, 45, 15.894701939811434], [21, 44, -9.635770833028886], [24, 33, -9.660892993213302], [36, 0, 17.62186220144524], [5, 53, 26.64718505505381], [8, 61, -28.089664228121528], [35, 91, 4.633715316250054], [36, 48, 26.052839875487628], [39, 35, 21.856886561174676], [29, 33, -11.283300271223887], [29, 84, -17.40937506149267], [5, 12, 4.17441207448428], [2, 91, 10.832681471566772], [39, 75, -26.614900037162027], [17, 70, 22.860273732100495], [28, 43, 7.059474965752813], [29, 46, -25.965022112205084], [25, 96, 10.624894441625123], [28, 81, 29.42033684380226], [0, 86, 9.784692186006048], [36, 94, -16.246840614805233], [3, 51, -6.992166349686123], [27, 93, 19.862907314171423], [23, 32, 22.359039326843714]]
最小値:91.28137408660132
入力値:[29, 33, -11.283300271223887]
経過時間:213.43968892097473sec
num_evaluation of BBF = 150.0
 input_history 
[[28, 2, 0.4989269147334525], [25, 23, 16.74306117654214], [20, 53, 4.146044316875596], [35, 39, -25.849980272691717], [23, 3, -4.795477812563359], [3, 31, -29.002321575967965], [27, 45, 15.894701939811434], [21, 44, -9.635770833028886], [24, 33, -9.660892993213302], [36, 0, 17.62186220144524], [5, 53, 26.64718505505381], [8, 61, -28.089664228121528], [35, 91, 4.633715316250054], [36, 48, 26.052839875487628], [39, 35, 21.856886561174676], [29, 33, -11.283300271223887], [29, 84, -17.40937506149267], [5, 12, 4.17441207448428], [2, 91, 10.832681471566772], [39, 75, -26.614900037162027], [17, 70, 22.860273732100495], [28, 43, 7.059474965752813], [29, 46, -25.965022112205084], [25, 96, 10.624894441625123], [28, 81, 29.42033684380226], [0, 86, 9.784692186006048], [36, 94, -16.246840614805233], [3, 51, -6.992166349686123], [27, 93, 19.862907314171423], [23, 32, 22.359039326843714], [7, 87, 17.882810034753824], [17, 55, 11.249296583268915], [28, 36, 26.842235429335453], [14, 86, -11.178456449518215], [18, 68, -1.6949057464319282], [19, 7, -4.518871874909625], [13, 5, -2.1854745381113574], [15, 79, 5.2070607874901285], [4, 39, -22.948088642278016], [26, 74, -22.0759136192908], [27, 51, -2.2109880005920104], [18, 34, -21.309134439397365], [18, 45, 14.919817191032841], [6, 53, 14.955265023794382], [16, 26, 27.716182712833742], [9, 44, -26.217702619837397], [6, 38, -29.445595590807553], [13, 7, -13.096193654763056], [22, 79, 0.7436077977542226], [35, 6, 17.252529357301555]]
最小値:89.9653710503479
入力値:[6, 38, -29.445595590807553]
経過時間:205.15153241157532sec
num_evaluation of BBF = 200.0
 input_history 
[[37, 12, 25.953441560319526], [9, 75, 29.942430919448682], [0, 16, -6.205156362238434], [7, 6, 26.13234424836191], [20, 18, 1.4728895743722816], [28, 29, 2.0648345368210244], [4, 87, -2.567711520780705], [30, 96, 16.703354180192008], [9, 7, -11.194549310445431], [22, 57, 22.583349137762298], [17, 8, 19.776201563651014], [8, 30, 5.583931097883415], [6, 21, -5.292727261856818], [3, 68, -12.622221567251255], [12, 26, 20.077540313842377]]
最小値:86.1917961539242
入力値:[17, 8, 19.776201563651014]
経過時間:61.17201852798462sec
num_evaluation of BBF = 15.0
 input_history 
[[4, 87, -2.567711520780705], [30, 96, 16.703354180192008], [9, 7, -11.194549310445431], [22, 57, 22.583349137762298], [17, 8, 19.776201563651014], [8, 30, 5.583931097883415], [6, 21, -5.292727261856818], [3, 68, -12.622221567251255], [12, 26, 20.077540313842377], [18, 15, 9.638143814280177], [25, 87, -16.67252714787751], [25, 22, 24.51573018558573], [39, 23, -22.830571921156988], [27, 37, -24.982619727178427], [38, 8, 24.626902907586093]]
最小値:86.1917961539242
入力値:[17, 8, 19.776201563651014]
経過時間:62.76751375198364sec
num_evaluation of BBF = 30.0
 input_history 
[[30, 71, -4.7335424996968705], [21, 49, 1.9899170983810244], [4, 24, -11.069062139636223], [12, 26, 20.077540313842377], [18, 15, 9.638143814280177], [25, 87, -16.67252714787751], [25, 22, 24.51573018558573], [39, 23, -22.830571921156988], [27, 37, -24.982619727178427], [38, 8, 24.626902907586093], [10, 23, 5.063347244275747], [23, 25, 6.836299067763342], [28, 74, -14.34126122306659], [32, 88, 2.006909436310515], [1, 77, -5.149243828385842], [13, 6, 9.827678713187332], [6, 2, 26.6756853594488], [21, 75, 24.20411491727301], [8, 75, -21.643419164954487], [20, 30, -6.139389780867987]]
最小値:86.1917961539242
入力値:[17, 8, 19.776201563651014]
経過時間:82.8825454711914sec
num_evaluation of BBF = 50.0
 input_history 
[[37, 57, 10.730131976393459], [8, 32, -14.067200437666427], [23, 15, -26.798247292975176], [25, 71, -21.19628550565139], [10, 62, 11.98550160125587], [24, 23, -5.156640730825902], [13, 3, 2.4360305294186375], [13, 6, 9.827678713187332], [6, 2, 26.6756853594488], [21, 75, 24.20411491727301], [8, 75, -21.643419164954487], [20, 30, -6.139389780867987], [7, 45, 25.650514823762038], [18, 96, 13.559879121027087], [23, 81, 8.864963986400852], [24, 74, 15.79398316290731], [32, 12, 15.16730119053625], [24, 82, -0.1134558223058093], [2, 92, 26.969355522424273], [10, 54, 4.703376863227909], [18, 86, -15.778381185418338], [7, 48, -11.918370275406396], [5, 17, -20.824210646758274], [22, 13, -8.563814399850013], [33, 53, 7.401606947508164], [32, 55, 25.766234024625675], [25, 21, 29.83937102708883], [19, 25, 14.565889805225488], [13, 84, -2.1413097980617763], [6, 77, 0.49485225403734034], [15, 24, -27.041745314810534], [2, 71, -19.663298866206347], [36, 21, 0.5886166898359662], [27, 49, -12.676930037663404], [13, 40, 28.060075719072316], [23, 16, -15.982648605473189], [3, 66, -4.924407648579681], [0, 29, 18.77969822315842], [35, 53, 13.043496075468596], [2, 84, -4.385410459246408], [32, 28, -4.297055690085042], [31, 28, -20.79969132482553], [8, 32, 16.91750774936795], [13, 50, -27.840033817417783], [0, 83, -25.681543218630793], [20, 44, -13.52129092665319], [27, 14, -20.87177049644626], [26, 86, -7.731965942671902], [34, 32, 19.738853973010727], [24, 83, -28.88542786935543]]
最小値:86.1917961539242
入力値:[17, 8, 19.776201563651014]
経過時間:205.81547617912292sec
num_evaluation of BBF = 100.0
 input_history 
[[20, 48, -29.459520182337425], [13, 53, 7.401606947508164], [32, 55, 25.766234024625675], [25, 21, 29.83937102708883], [19, 25, 14.565889805225488], [13, 84, -2.1413097980617763], [6, 77, 0.49485225403734034], [15, 24, -27.041745314810534], [2, 71, -19.663298866206347], [36, 21, 0.5886166898359662], [27, 49, -12.676930037663404], [13, 40, 28.060075719072316], [23, 16, -15.982648605473189], [3, 66, -4.924407648579681], [0, 29, 18.77969822315842], [35, 53, 13.043496075468596], [2, 84, -4.385410459246408], [32, 28, -4.297055690085042], [31, 28, -20.79969132482553], [8, 32, 16.91750774936795], [13, 50, -27.840033817417783], [0, 83, -25.681543218630793], [20, 44, -13.52129092665319], [27, 14, -20.87177049644626], [26, 86, -7.731965942671902], [34, 32, 19.738853973010727], [24, 83, -28.88542786935543], [38, 47, -0.8192933437780923], [15, 63, 4.131086225188881], [32, 42, 29.31696926474693], [24, 30, 0.5273243267602687], [0, 60, 24.986622185662192], [17, 39, -22.06396353259616], [28, 22, -17.23597811324112], [10, 77, -24.274845084806284], [38, 48, -14.381094085287543], [0, 86, 4.595052983464434], [19, 9, 7.39752676932369], [10, 68, 16.330681772594808], [21, 46, 11.22349754599552], [24, 80, 7.006701420099461], [15, 71, 27.010567154824784], [13, 15, 24.93638098597647], [20, 58, -12.329307279292944], [29, 44, 2.9728752905137554], [27, 54, 25.12400613801637], [26, 76, -19.56265999917214], [39, 43, 11.591111945656905], [38, 91, -2.4272829526796045], [5, 33, -29.098861155472658]]
最小値:86.1917961539242
入力値:[17, 8, 19.776201563651014]
経過時間:206.72322630882263sec
num_evaluation of BBF = 150.0
 input_history 
[[24, 20, 4.086027715196529], [30, 91, -14.860455325780595], [19, 26, 26.32270198227119], [7, 53, 20.809728089402114], [34, 32, 19.738853973010727], [24, 83, -28.88542786935543], [38, 47, -0.8192933437780923], [15, 63, 4.131086225188881], [32, 42, 29.31696926474693], [24, 30, 0.5273243267602687], [0, 60, 24.986622185662192], [17, 39, -22.06396353259616], [28, 22, -17.23597811324112], [10, 77, -24.274845084806284], [38, 48, -14.381094085287543], [0, 86, 4.595052983464434], [19, 9, 7.39752676932369], [10, 68, 16.330681772594808], [21, 46, 11.22349754599552], [24, 80, 7.006701420099461], [15, 71, 27.010567154824784], [13, 15, 24.93638098597647], [20, 58, -12.329307279292944], [29, 44, 2.9728752905137554], [27, 54, 25.12400613801637], [26, 76, -19.56265999917214], [39, 43, 11.591111945656905], [38, 91, -2.4272829526796045], [5, 33, -29.098861155472658], [5, 73, 0.18455436721302831], [27, 43, 2.062640344233806], [30, 96, 4.920850796824801], [30, 64, -28.566954327199323], [3, 70, 2.780808961222398], [38, 83, -12.856868895951145], [6, 13, -11.183350228279856], [22, 66, -16.896406069244588], [31, 53, -15.883900124033378], [24, 93, 17.275754029530255], [18, 11, -29.047621151718346], [16, 30, 25.116106678651548], [20, 57, 28.60554894186358], [17, 2, 28.427012301499353], [36, 46, -17.430427115539537], [8, 28, -9.138598910461543], [13, 41, 11.850569732496929], [36, 40, -27.811817785315732], [38, 63, 24.031712948298193], [25, 2, -7.073834878108968], [14, 75, -5.911224991827563]]
最小値:86.1917961539242
入力値:[17, 8, 19.776201563651014]
経過時間:205.0885293483734sec
num_evaluation of BBF = 200.0
 input_history 
[[15, 72, 2.9797486727225504], [18, 75, -4.7779318747506565], [34, 49, -17.72108195772945], [21, 47, -12.02071957952861], [26, 20, 7.268029966157691], [37, 39, -21.925203279303986], [4, 42, -18.933608061185083], [39, 38, 21.238517558369324], [3, 69, 28.177944349607564], [6, 95, -4.312660344156633], [31, 66, -22.370401697923352], [12, 50, -16.689889979237762], [15, 49, -9.010422899802045], [8, 50, -1.8795849500268496], [15, 8, 9.783707583051616]]
最小値:92.21982710879158
入力値:[15, 8, 9.783707583051616]
経過時間:60.8198401927948sec
num_evaluation of BBF = 15.0
 input_history 
[[39, 38, 21.238517558369324], [3, 69, 28.177944349607564], [6, 95, -4.312660344156633], [31, 66, -22.370401697923352], [12, 50, -16.689889979237762], [15, 49, -9.010422899802045], [8, 50, -1.8795849500268496], [15, 8, 9.783707583051616], [22, 73, -20.26208408986117], [26, 62, 0.0005016702130049566], [32, 26, -11.082151129628365], [12, 10, -3.7951642183920598], [9, 70, 17.892023270223213], [19, 56, 26.885425314162255], [4, 40, 0.9083472518362257]]
最小値:92.21982710879158
入力値:[15, 8, 9.783707583051616]
経過時間:61.41050601005554sec
num_evaluation of BBF = 30.0
 input_history 
[[8, 50, -1.8795849500268496], [15, 8, 9.783707583051616], [22, 73, -20.26208408986117], [26, 62, 0.0005016702130049566], [32, 26, -11.082151129628365], [12, 10, -3.7951642183920598], [9, 70, 17.892023270223213], [19, 56, 26.885425314162255], [4, 40, 0.9083472518362257], [6, 18, 23.29822495304883], [23, 22, 0.18073520075902394], [37, 74, 12.39252035243505], [35, 91, 27.61882392750229], [21, 43, -27.259262085275996], [6, 74, 1.045845823288154], [17, 15, 3.218030449633936], [26, 39, -6.364002302877509], [20, 22, 13.709909772731656], [36, 27, -8.27835533796927], [28, 36, -6.748594447603111]]
最小値:92.21982710879158
入力値:[15, 8, 9.783707583051616]
経過時間:81.98380517959595sec
num_evaluation of BBF = 50.0
 input_history 
[[6, 19, -25.074304663498513], [1, 68, 21.0510302402701], [6, 18, 23.29822495304883], [23, 22, 0.18073520075902394], [37, 74, 12.39252035243505], [35, 91, 27.61882392750229], [21, 43, -27.259262085275996], [6, 74, 1.045845823288154], [17, 15, 3.218030449633936], [26, 39, -6.364002302877509], [20, 22, 13.709909772731656], [36, 27, -8.27835533796927], [28, 36, -6.748594447603111], [9, 7, -8.94768592190157], [18, 1, 28.374641392489494], [32, 49, -27.492137411081398], [9, 78, -16.236842386385756], [31, 32, 5.549781767196052], [21, 43, 1.928666479134062], [21, 49, -21.962747509698538], [28, 51, 5.938798695170426], [22, 88, -16.749725096312286], [1, 43, 5.525074659982579], [7, 80, 23.708744606635932], [15, 17, 2.4114909400278535], [31, 34, 19.57498970604948], [36, 22, 20.269832875396617], [17, 45, -10.720884853046641], [9, 21, -13.353647032762549], [39, 83, 21.137337360110543], [36, 40, -29.99258475183261], [8, 78, 0.8915497788584403], [27, 67, 1.7892704690711483], [22, 5, -28.416951053069464], [37, 93, -13.473727857242658], [6, 44, -16.072904913830165], [5, 52, -20.3120062264994], [26, 83, -16.955854421698444], [25, 36, 7.396340131261425], [18, 22, 18.766916794884516], [0, 69, -28.903798123793678], [38, 71, 26.102143834740637], [18, 93, 24.639330827693364], [28, 20, -24.577777664288348], [6, 38, -28.8608923546551], [6, 43, -28.17790483999262], [21, 36, -3.9752450777172754], [19, 4, 27.219597742939357], [34, 76, 22.38764021934596], [15, 39, 15.250856962382755]]
最小値:89.59960718738128
入力値:[6, 38, -28.8608923546551]
経過時間:204.0995683670044sec
num_evaluation of BBF = 100.0
 input_history 
[[19, 92, 14.92667269661127], [8, 86, -7.883547743780358], [11, 1, 18.432668563165322], [7, 80, 23.708744606635932], [15, 17, 2.4114909400278535], [31, 34, 19.57498970604948], [36, 22, 20.269832875396617], [17, 45, -10.720884853046641], [9, 21, -13.353647032762549], [39, 83, 21.137337360110543], [36, 40, -29.99258475183261], [8, 78, 0.8915497788584403], [27, 67, 1.7892704690711483], [22, 5, -28.416951053069464], [37, 93, -13.473727857242658], [6, 44, -16.072904913830165], [5, 52, -20.3120062264994], [26, 83, -16.955854421698444], [25, 36, 7.396340131261425], [18, 22, 18.766916794884516], [0, 69, -28.903798123793678], [38, 71, 26.102143834740637], [18, 93, 24.639330827693364], [28, 20, -24.577777664288348], [6, 38, -28.8608923546551], [6, 43, -28.17790483999262], [21, 36, -3.9752450777172754], [19, 4, 27.219597742939357], [34, 76, 22.38764021934596], [15, 39, 15.250856962382755], [1, 51, 14.121083541699832], [23, 36, -22.0744944924245], [18, 92, -7.617536733849498], [38, 74, 27.404855598434857], [33, 2, 10.628384537267976], [38, 96, -20.786059760543683], [12, 19, -3.3257434949574467], [8, 11, -20.107971567570534], [23, 27, 2.381868259074359], [16, 4, -13.004475370732752], [34, 23, 8.096610711637531], [33, 31, -3.5166823704849612], [9, 59, -7.100245130321312], [10, 8, -29.720188635897006], [35, 78, -4.127165670282473], [6, 95, -9.369606159916902], [34, 54, -4.865561419741805], [33, 13, 22.042892229391406], [19, 58, 4.148431923338123], [2, 31, 19.989674684038576]]
最小値:89.59960718738128
入力値:[6, 38, -28.8608923546551]
経過時間:220.54710507392883sec
num_evaluation of BBF = 150.0
 input_history 
[[33, 71, 26.102143834740637], [18, 93, 24.639330827693364], [28, 20, -24.577777664288348], [6, 38, -28.8608923546551], [6, 43, -28.17790483999262], [21, 36, -3.9752450777172754], [19, 4, 27.219597742939357], [34, 76, 22.38764021934596], [15, 39, 15.250856962382755], [1, 51, 14.121083541699832], [23, 36, -22.0744944924245], [18, 92, -7.617536733849498], [38, 74, 27.404855598434857], [33, 2, 10.628384537267976], [38, 96, -20.786059760543683], [12, 19, -3.3257434949574467], [8, 11, -20.107971567570534], [23, 27, 2.381868259074359], [16, 4, -13.004475370732752], [34, 23, 8.096610711637531], [33, 31, -3.5166823704849612], [9, 59, -7.100245130321312], [10, 8, -29.720188635897006], [35, 78, -4.127165670282473], [6, 95, -9.369606159916902], [34, 54, -4.865561419741805], [33, 13, 22.042892229391406], [19, 58, 4.148431923338123], [2, 31, 19.989674684038576], [26, 10, -5.448021231555572], [35, 42, 21.970814660973986], [0, 5, 22.83732396994084], [30, 81, 29.238291428920476], [22, 34, -16.283384890014066], [35, 86, 8.547145134167536], [0, 94, -27.523852863553508], [11, 21, 16.899565539964883], [19, 73, -9.620203662336216], [15, 10, -15.224784661932611], [38, 13, 15.740114653443534], [6, 87, 20.33415567354004], [16, 17, -22.453117046814747], [6, 57, -12.209234952322259], [34, 22, -17.602874891643843], [22, 26, 13.076089063605295], [23, 47, -8.20232159990114], [16, 73, 23.11582046462935], [16, 54, 3.5370476818366043], [7, 51, 0.8641236282732372], [0, 88, -10.574965064631211]]
最小値:89.59960718738128
入力値:[6, 38, -28.8608923546551]
経過時間:218.2984263896942sec
num_evaluation of BBF = 200.0
 input_history 
[[24, 3, -12.54571566522334], [0, 21, 23.57681726085928], [10, 41, -17.565427311708795], [38, 96, 11.68941916370818], [29, 39, -2.8096619326722454], [26, 81, -8.76569568682243], [2, 2, 24.798086743346694], [1, 51, 28.418896016144352], [33, 29, -11.618362206307985], [7, 43, 2.6789410819106863], [15, 48, -11.618188057429215], [30, 49, -6.7217245466610755], [14, 28, -21.43696024758354], [0, 64, 18.53575222749302], [37, 56, -5.176879024470942]]
最小値:93.71313299735002
入力値:[33, 29, -11.618362206307985]
経過時間:61.88138008117676sec
num_evaluation of BBF = 15.0
 input_history 
[[2, 63, -28.561087057370077], [26, 69, -5.858361386462516], [33, 29, -11.618362206307985], [7, 43, 2.6789410819106863], [15, 48, -11.618188057429215], [30, 49, -6.7217245466610755], [14, 28, -21.43696024758354], [0, 64, 18.53575222749302], [37, 56, -5.176879024470942], [37, 46, -8.306114216245312], [1, 85, -5.608805017425084], [10, 91, -2.538816040621324], [16, 32, 5.175174268069284], [18, 75, -13.321349602583922], [31, 13, -17.67537932370075]]
最小値:93.71313299735002
入力値:[33, 29, -11.618362206307985]
経過時間:62.85895228385925sec
num_evaluation of BBF = 30.0
 input_history 
[[28, 54, -10.48162896804477], [18, 63, -4.517903435729295], [7, 37, 3.470445743307053], [33, 1, -11.053965207999987], [10, 91, -2.538816040621324], [16, 32, 5.175174268069284], [18, 75, -13.321349602583922], [31, 13, -17.67537932370075], [33, 52, -24.76623787315172], [2, 28, -8.25957221939268], [10, 54, -11.022928041100453], [27, 21, -9.609080162590928], [39, 29, 1.2962604068868053], [9, 33, -11.864183287616637], [24, 55, -16.16494773869556], [10, 80, -28.43842384639123], [19, 16, -25.98183456403042], [39, 50, -18.0614384221753], [1, 18, 15.12840161619085], [23, 20, 27.126074581872494]]
最小値:93.71313299735002
入力値:[33, 29, -11.618362206307985]
経過時間:81.09010457992554sec
num_evaluation of BBF = 50.0
 input_history 
[[37, 30, -17.917277337415612], [33, 52, -24.76623787315172], [2, 28, -8.25957221939268], [10, 54, -11.022928041100453], [27, 21, -9.609080162590928], [39, 29, 1.2962604068868053], [9, 33, -11.864183287616637], [24, 55, -16.16494773869556], [10, 80, -28.43842384639123], [19, 16, -25.98183456403042], [39, 50, -18.0614384221753], [1, 18, 15.12840161619085], [23, 20, 27.126074581872494], [22, 92, 2.461180401586269], [33, 43, -4.516202542159405], [28, 60, 4.27708479448534], [8, 20, -9.004486466309881], [14, 76, 23.7897996219882], [9, 26, -12.995557770457609], [5, 84, 2.722956775000945], [17, 9, -17.82734075862019], [7, 92, -18.704948927345434], [8, 26, -19.65822595599159], [30, 17, 23.213887567197986], [22, 39, -19.367197151890586], [32, 87, 23.54359125522555], [21, 51, 29.998527652379984], [28, 11, -14.567617531400916], [17, 51, 9.067366226495963], [31, 68, -13.513169670261643], [13, 77, -3.86876662948843], [36, 55, -25.027738872146553], [21, 70, 2.4456501711896337], [12, 28, -19.79798734577192], [10, 11, 11.518650712370565], [28, 49, -9.558690932390427], [34, 11, 21.84718016463863], [25, 59, 14.464944383973751], [29, 0, 11.697806108452554], [7, 21, -24.30711967049998], [29, 42, -11.170853086006677], [30, 76, 22.63272233665903], [39, 57, 22.807487414958935], [39, 44, 7.404216692314883], [7, 92, -15.565780779924058], [22, 45, 27.91368891563492], [26, 52, -1.0501774935702066], [5, 54, 11.859940084299225], [35, 24, 25.70993060586577], [23, 50, 13.173347852223962]]
最小値:92.19820090508514
入力値:[37, 30, -17.917277337415612]
経過時間:241.5264928340912sec
num_evaluation of BBF = 100.0
 input_history 
[[17, 9, -17.82734075862019], [7, 92, -18.704948927345434], [8, 26, -19.65822595599159], [30, 17, 23.213887567197986], [22, 39, -19.367197151890586], [32, 87, 23.54359125522555], [21, 51, 29.998527652379984], [28, 11, -14.567617531400916], [17, 51, 9.067366226495963], [31, 68, -13.513169670261643], [13, 77, -3.86876662948843], [36, 55, -25.027738872146553], [21, 70, 2.4456501711896337], [12, 28, -19.79798734577192], [10, 11, 11.518650712370565], [28, 49, -9.558690932390427], [34, 11, 21.84718016463863], [25, 59, 14.464944383973751], [29, 0, 11.697806108452554], [7, 21, -24.30711967049998], [29, 42, -11.170853086006677], [30, 76, 22.63272233665903], [39, 57, 22.807487414958935], [39, 44, 7.404216692314883], [7, 92, -15.565780779924058], [22, 45, 27.91368891563492], [26, 52, -1.0501774935702066], [5, 54, 11.859940084299225], [35, 24, 25.70993060586577], [23, 50, 13.173347852223962], [7, 90, -16.112338260941947], [14, 83, -24.265991099603184], [37, 21, 2.08409222107926], [23, 76, 27.91760106638194], [28, 6, -9.414368136482313], [13, 39, -28.674251114290268], [12, 40, -8.595258904388654], [36, 58, 28.677144579419085], [0, 35, -14.254359271807466], [4, 93, -26.263231175653445], [39, 41, -11.63236227547381], [32, 65, 2.327559480190203], [32, 67, -18.973660919253433], [25, 26, 7.0023172721170965], [22, 76, -12.398729157681096], [33, 79, -6.111785550157137], [6, 46, 7.047251074933229], [14, 75, -22.52269496471153], [15, 80, -1.229561710615986], [1, 38, -28.181318368652008]]
最小値:92.19820090508514
入力値:[37, 30, -17.917277337415612]
経過時間:226.14436149597168sec
num_evaluation of BBF = 150.0
 input_history 
[[7, 94, -4.825034599023329], [11, 39, -0.20010268086577554], [39, 44, 7.404216692314883], [7, 92, -15.565780779924058], [22, 45, 27.91368891563492], [26, 52, -1.0501774935702066], [5, 54, 11.859940084299225], [35, 24, 25.70993060586577], [23, 50, 13.173347852223962], [7, 90, -16.112338260941947], [14, 83, -24.265991099603184], [37, 21, 2.08409222107926], [23, 76, 27.91760106638194], [28, 6, -9.414368136482313], [13, 39, -28.674251114290268], [12, 40, -8.595258904388654], [36, 58, 28.677144579419085], [0, 35, -14.254359271807466], [4, 93, -26.263231175653445], [39, 41, -11.63236227547381], [32, 65, 2.327559480190203], [32, 67, -18.973660919253433], [25, 26, 7.0023172721170965], [22, 76, -12.398729157681096], [33, 79, -6.111785550157137], [6, 46, 7.047251074933229], [14, 75, -22.52269496471153], [15, 80, -1.229561710615986], [1, 38, -28.181318368652008], [18, 29, -20.248758908008845], [26, 12, 17.71227523059831], [30, 36, 11.685898630392344], [25, 10, -3.634708042221039], [1, 84, 16.60572192112423], [18, 12, 15.638468681719381], [3, 62, 9.308035047041848], [4, 21, 12.121207759887142], [1, 18, 6.69563013279582], [27, 75, -29.744013949970434], [10, 89, 12.363371015040379], [39, 44, 29.28676516873069], [26, 95, 20.66681905060519], [36, 54, 29.67120179104794], [38, 36, 19.705915334646633], [32, 84, 17.7795609873518], [25, 44, 10.29421485805662], [12, 11, -9.580051699231234], [24, 90, 22.289372396632373], [4, 92, -16.77982010710124], [20, 55, 24.240748296539323]]
最小値:92.19820090508514
入力値:[37, 30, -17.917277337415612]
経過時間:226.6319146156311sec
num_evaluation of BBF = 200.0
 input_history 
[[5, 1, 21.337256900138847], [8, 50, 5.853372312824199], [39, 94, 11.905214154563403], [36, 50, -29.69045108660233], [3, 0, -20.169465515718077], [21, 73, -29.4608341399467], [38, 56, -27.350396524110025], [30, 8, -28.858515345017327], [23, 32, 21.97735791490191], [33, 32, 6.044563282666161], [28, 3, 14.002810050634196], [15, 95, 22.218388589131045], [17, 81, -27.854508984883097], [12, 23, -19.156764311666677], [22, 67, -15.53768382230173]]
最小値:93.11416762904354
入力値:[36, 50, -29.69045108660233]
経過時間:70.36976218223572sec
num_evaluation of BBF = 15.0
 input_history 
[[21, 73, -29.4608341399467], [38, 56, -27.350396524110025], [30, 8, -28.858515345017327], [23, 32, 21.97735791490191], [33, 32, 6.044563282666161], [28, 3, 14.002810050634196], [15, 95, 22.218388589131045], [17, 81, -27.854508984883097], [12, 23, -19.156764311666677], [22, 67, -15.53768382230173], [11, 23, 7.959838639460251], [6, 71, -7.465453884747458], [21, 94, 3.28445177655351], [27, 59, 23.730069963368763], [8, 37, 18.654296185722828]]
最小値:93.11416762904354
入力値:[36, 50, -29.69045108660233]
経過時間:62.85392713546753sec
num_evaluation of BBF = 30.0
 input_history 
[[31, 57, 26.254295037056522], [17, 81, -27.854508984883097], [12, 23, -19.156764311666677], [22, 67, -15.53768382230173], [11, 23, 7.959838639460251], [6, 71, -7.465453884747458], [21, 94, 3.28445177655351], [27, 59, 23.730069963368763], [8, 37, 18.654296185722828], [39, 96, 25.102982348385765], [11, 8, 22.576324679006476], [17, 78, -5.710486961345637], [4, 62, 20.80333643202944], [3, 4, 11.938861725786971], [6, 40, -25.201245726376804], [3, 53, 13.955606915398064], [17, 27, 6.213810621612382], [22, 15, -22.24879297977374], [10, 7, -27.087951814826848], [15, 59, 19.988913021081842]]
最小値:92.59327136296122
入力値:[6, 40, -25.201245726376804]
経過時間:85.25316214561462sec
num_evaluation of BBF = 50.0
 input_history 
[[8, 37, 18.654296185722828], [39, 96, 25.102982348385765], [11, 8, 22.576324679006476], [17, 78, -5.710486961345637], [4, 62, 20.80333643202944], [3, 4, 11.938861725786971], [6, 40, -25.201245726376804], [3, 53, 13.955606915398064], [17, 27, 6.213810621612382], [22, 15, -22.24879297977374], [10, 7, -27.087951814826848], [15, 59, 19.988913021081842], [0, 87, -22.2638798458694], [31, 35, 26.237488687155142], [3, 86, -1.1124035576493299], [20, 80, -19.355521045497714], [10, 41, -1.6427214500536174], [15, 41, 7.135795598645615], [34, 23, -14.344670562330268], [28, 75, 24.145311352568456], [37, 32, 7.414130364414831], [39, 5, 13.979923055759699], [24, 29, -0.709734701759519], [2, 19, 6.709308987317527], [22, 28, 15.571771749799886], [16, 51, -5.482392795006124], [27, 40, -24.591496314442526], [15, 90, 3.6881079210312535], [7, 27, -16.20618582611833], [13, 49, -24.93705509300927], [3, 12, 5.012612138669326], [26, 70, -28.996940314068233], [35, 81, 6.889166804762837], [15, 35, 13.696166411594817], [28, 76, 25.88485597000669], [2, 23, -0.002312776019422813], [21, 37, 0.9463007416465565], [25, 8, 23.885506323411235], [29, 53, 13.773275507784689], [2, 82, -11.023409604391784], [31, 20, 20.026882195283477], [23, 19, 16.43829783204152], [14, 77, -9.604415011070696], [37, 4, -12.32204638102678], [15, 37, -10.645501424804657], [29, 80, 18.452937192876043], [2, 28, -24.545366902745386], [5, 5, -0.9357516985247152], [31, 41, -29.01098319058764], [19, 7, 29.407015144450284]]
最小値:91.4173134580863
入力値:[25, 8, 23.885506323411235]
経過時間:210.8311107158661sec
num_evaluation of BBF = 100.0
 input_history 
[[38, 7, -5.25166730023459], [28, 75, 24.145311352568456], [37, 32, 7.414130364414831], [39, 5, 13.979923055759699], [24, 29, -0.709734701759519], [2, 19, 6.709308987317527], [22, 28, 15.571771749799886], [16, 51, -5.482392795006124], [27, 40, -24.591496314442526], [15, 90, 3.6881079210312535], [7, 27, -16.20618582611833], [13, 49, -24.93705509300927], [3, 12, 5.012612138669326], [26, 70, -28.996940314068233], [35, 81, 6.889166804762837], [15, 35, 13.696166411594817], [28, 76, 25.88485597000669], [2, 23, -0.002312776019422813], [21, 37, 0.9463007416465565], [25, 8, 23.885506323411235], [29, 53, 13.773275507784689], [2, 82, -11.023409604391784], [31, 20, 20.026882195283477], [23, 19, 16.43829783204152], [14, 77, -9.604415011070696], [37, 4, -12.32204638102678], [15, 37, -10.645501424804657], [29, 80, 18.452937192876043], [2, 28, -24.545366902745386], [5, 5, -0.9357516985247152], [31, 41, -29.01098319058764], [19, 7, 29.407015144450284], [20, 39, -28.803458372262853], [17, 67, -7.47959139981986], [12, 59, -6.351819658654204], [1, 31, -24.713366199663323], [28, 91, 14.071143180518959], [15, 28, -9.849035405852597], [23, 86, 6.921720836154634], [15, 27, -7.149944305364922], [35, 58, 21.639351728152874], [7, 2, -16.155243496333433], [11, 41, 21.523250909357103], [2, 94, -6.405196298006665], [22, 88, -22.60632667623529], [5, 40, -15.916976815029502], [34, 3, -17.834097135632472], [38, 45, -7.689977618228397], [25, 69, -26.56764502466119], [21, 28, 5.9878494713519785]]
最小値:91.4173134580863
入力値:[25, 8, 23.885506323411235]
経過時間:208.84451174736023sec
num_evaluation of BBF = 150.0
 input_history 
[[18, 65, -21.914843579893365], [31, 20, 20.026882195283477], [23, 19, 16.43829783204152], [14, 77, -9.604415011070696], [37, 4, -12.32204638102678], [15, 37, -10.645501424804657], [29, 80, 18.452937192876043], [2, 28, -24.545366902745386], [5, 5, -0.9357516985247152], [31, 41, -29.01098319058764], [19, 7, 29.407015144450284], [20, 39, -28.803458372262853], [17, 67, -7.47959139981986], [12, 59, -6.351819658654204], [1, 31, -24.713366199663323], [28, 91, 14.071143180518959], [15, 28, -9.849035405852597], [23, 86, 6.921720836154634], [15, 27, -7.149944305364922], [35, 58, 21.639351728152874], [7, 2, -16.155243496333433], [11, 41, 21.523250909357103], [2, 94, -6.405196298006665], [22, 88, -22.60632667623529], [5, 40, -15.916976815029502], [34, 3, -17.834097135632472], [38, 45, -7.689977618228397], [25, 69, -26.56764502466119], [21, 28, 5.9878494713519785], [12, 65, -12.428354541552313], [9, 10, -19.171586941522985], [28, 41, 26.33363875915596], [27, 48, -23.28754107489133], [15, 12, 17.520034869267967], [18, 42, -22.632644834039045], [12, 77, -22.500446112796563], [5, 23, -6.985199397580672], [35, 43, 20.32264181234835], [3, 70, -22.029479612034628], [36, 34, 27.100115859310947], [37, 71, -10.778121014242213], [12, 2, -24.55952633130149], [34, 49, -12.33341512792662], [27, 96, -9.769210160630628], [25, 95, -27.735289197830166], [28, 83, 6.606384019111317], [0, 91, -4.438934386479353], [27, 87, -28.72020962990674], [12, 24, -3.278577328358544], [29, 36, -18.056660762174765]]
最小値:88.9563816158736
入力値:[28, 41, 26.33363875915596]
経過時間:205.65014743804932sec
num_evaluation of BBF = 200.0
 input_history 
[[35, 78, 22.24393837064258], [38, 16, 28.76669994968676], [36, 62, 15.95447138881893], [30, 80, -12.191969905426681], [15, 53, 8.967532994645964], [27, 44, -15.447575677196744], [1, 47, -23.345954295656178], [22, 18, -12.235204035981123], [9, 41, -0.4718400836307488], [1, 82, -29.125154934218877], [14, 5, 19.593254921241375], [16, 4, 23.544661029702205], [27, 31, -24.567078267746574], [38, 83, -17.72666721720296], [7, 30, -7.910268455009685]]
最小値:80.95738900158088
入力値:[16, 4, 23.544661029702205]
経過時間:64.1066026687622sec
num_evaluation of BBF = 15.0
 input_history 
[[20, 86, -5.14589885513692], [9, 41, -0.4718400836307488], [1, 82, -29.125154934218877], [14, 5, 19.593254921241375], [16, 4, 23.544661029702205], [27, 31, -24.567078267746574], [38, 83, -17.72666721720296], [7, 30, -7.910268455009685], [3, 65, 25.538609319459383], [27, 78, 13.233574391527569], [33, 89, -18.014075641595003], [16, 94, 4.524822444985077], [31, 9, -26.1295860712477], [16, 5, -9.508374834154626], [24, 13, -0.9041355006925187]]
最小値:80.95738900158088
入力値:[16, 4, 23.544661029702205]
経過時間:61.78602385520935sec
num_evaluation of BBF = 30.0
 input_history 
[[19, 19, 11.094936445285498], [7, 30, -7.910268455009685], [3, 65, 25.538609319459383], [27, 78, 13.233574391527569], [33, 89, -18.014075641595003], [16, 94, 4.524822444985077], [31, 9, -26.1295860712477], [16, 5, -9.508374834154626], [24, 13, -0.9041355006925187], [31, 32, -11.341204891449003], [5, 14, -26.267306522317845], [18, 0, -16.440696798267872], [22, 16, 8.121372334913588], [26, 44, 25.600956914632455], [30, 75, 19.488643226311524], [22, 52, -8.337094892171454], [27, 29, -17.101246656711677], [33, 92, 20.148849869668958], [35, 20, -15.342547982525499], [8, 32, -8.874303854017889]]
最小値:80.95738900158088
入力値:[16, 4, 23.544661029702205]
経過時間:82.65237665176392sec
num_evaluation of BBF = 50.0
 input_history 
[[24, 13, -0.9041355006925187], [31, 32, -11.341204891449003], [5, 14, -26.267306522317845], [18, 0, -16.440696798267872], [22, 16, 8.121372334913588], [26, 44, 25.600956914632455], [30, 75, 19.488643226311524], [22, 52, -8.337094892171454], [27, 29, -17.101246656711677], [33, 92, 20.148849869668958], [35, 20, -15.342547982525499], [8, 32, -8.874303854017889], [28, 18, 5.009984623203394], [22, 58, 26.612404920952777], [28, 83, 29.66587424845762], [18, 36, -6.995456035973085], [32, 10, 27.666184917907792], [22, 70, -10.698188755047227], [30, 14, -8.418907607344227], [19, 64, 0.8842780200407461], [7, 12, -28.776517293110963], [8, 74, -5.316983053237408], [8, 32, 18.084091824664206], [5, 35, -18.57133359266984], [36, 0, 0.3825493151164707], [27, 65, 25.288233957550617], [1, 23, -15.53575967316129], [19, 54, -21.443011127678204], [13, 73, 26.012605128069694], [0, 23, 27.909452820860437], [4, 81, 29.015795011840325], [33, 87, 16.039882867067007], [36, 18, -7.577128956241843], [13, 35, -16.711034397420292], [18, 20, 18.618853926741103], [34, 78, 1.410733675883943], [10, 69, -26.195941081597883], [19, 46, 18.46664612084112], [21, 89, -18.279322466253678], [37, 17, 18.61713175094974], [0, 28, 24.88406040704772], [14, 64, 27.899798416219937], [5, 26, -11.848913249976341], [28, 75, 9.565036821199278], [19, 55, -23.550627985494064], [3, 95, -1.6303106965627912], [29, 38, -15.488456754154251], [7, 64, 2.6539411647711475], [37, 1, 19.761877861326454], [31, 93, -22.50975759346536]]
最小値:80.95738900158088
入力値:[16, 4, 23.544661029702205]
経過時間:203.8714165687561sec
num_evaluation of BBF = 100.0
 input_history 
[[8, 32, 18.084091824664206], [5, 35, -18.57133359266984], [36, 0, 0.3825493151164707], [27, 65, 25.288233957550617], [1, 23, -15.53575967316129], [19, 54, -21.443011127678204], [13, 73, 26.012605128069694], [0, 23, 27.909452820860437], [4, 81, 29.015795011840325], [33, 87, 16.039882867067007], [36, 18, -7.577128956241843], [13, 35, -16.711034397420292], [18, 20, 18.618853926741103], [34, 78, 1.410733675883943], [10, 69, -26.195941081597883], [19, 46, 18.46664612084112], [21, 89, -18.279322466253678], [37, 17, 18.61713175094974], [0, 28, 24.88406040704772], [14, 64, 27.899798416219937], [5, 26, -11.848913249976341], [28, 75, 9.565036821199278], [19, 55, -23.550627985494064], [3, 95, -1.6303106965627912], [29, 38, -15.488456754154251], [7, 64, 2.6539411647711475], [37, 1, 19.761877861326454], [31, 93, -22.50975759346536], [7, 35, -17.53325210755566], [9, 7, 26.685525698972718], [39, 54, -4.339765636331975], [14, 4, 1.7055647473918647], [10, 68, 12.21699500910838], [17, 67, 12.133164846292033], [23, 11, -1.3235213937266153], [8, 51, -24.052290409342767], [10, 25, -23.404896713331254], [31, 39, 6.080469353723295], [22, 80, 3.6548753886091205], [15, 15, 13.607362238014566], [17, 57, 8.912280323358317], [28, 83, 16.64291967771085], [16, 96, 4.491439571513681], [30, 93, -1.8653568561095781], [14, 8, -20.06149040170221], [10, 6, 22.193456407437758], [9, 54, -0.9830963798964945], [24, 18, -25.47341113071323], [25, 5, 7.002079476553291], [15, 24, 18.01939560836469]]
最小値:80.95738900158088
入力値:[16, 4, 23.544661029702205]
経過時間:206.1477870941162sec
num_evaluation of BBF = 150.0
 input_history 
[[19, 55, -23.550627985494064], [3, 95, -1.6303106965627912], [29, 38, -15.488456754154251], [7, 64, 2.6539411647711475], [37, 1, 19.761877861326454], [31, 93, -22.50975759346536], [7, 35, -17.53325210755566], [9, 7, 26.685525698972718], [39, 54, -4.339765636331975], [14, 4, 1.7055647473918647], [10, 68, 12.21699500910838], [17, 67, 12.133164846292033], [23, 11, -1.3235213937266153], [8, 51, -24.052290409342767], [10, 25, -23.404896713331254], [31, 39, 6.080469353723295], [22, 80, 3.6548753886091205], [15, 15, 13.607362238014566], [17, 57, 8.912280323358317], [28, 83, 16.64291967771085], [16, 96, 4.491439571513681], [30, 93, -1.8653568561095781], [14, 8, -20.06149040170221], [10, 6, 22.193456407437758], [9, 54, -0.9830963798964945], [24, 18, -25.47341113071323], [25, 5, 7.002079476553291], [15, 24, 18.01939560836469], [1, 5, -28.33720888033687], [24, 56, 21.059306381795636], [23, 48, 15.631892425004487], [10, 39, 18.71665149344546], [4, 94, -20.715293427519732], [31, 26, -29.97702633795174], [13, 76, -20.33205279936356], [19, 10, 4.974648955404817], [33, 64, 5.999590004261158], [36, 60, -7.213296634906964], [24, 26, 15.583634708561334], [18, 55, 17.927176474000092], [6, 45, -15.860181740089644], [2, 22, -17.81808115273099], [12, 55, -7.654052705010891], [5, 49, 20.767969347045913], [15, 86, 8.022988637440228], [31, 53, -29.417501500011085], [36, 36, 12.451573517519776], [0, 72, 8.052856561478144], [0, 25, -14.508816945281303], [14, 5, -4.461359277646476]]
最小値:80.95738900158088
入力値:[16, 4, 23.544661029702205]
経過時間:211.36114382743835sec
num_evaluation of BBF = 200.0
 input_history 
[[10, 73, -10.081211681929368], [15, 80, 29.101728913956315], [1, 75, 6.50841701871488], [26, 33, 7.351165931765408], [4, 33, 14.152926380921414], [12, 84, 4.731516013569426], [2, 5, 29.413456282404987], [15, 89, -5.207943911029151], [5, 49, -26.731529530658722], [16, 66, -8.574283836898221], [19, 85, 2.45621125815169], [5, 50, -5.80462207590481], [5, 70, 29.652446305316253], [10, 67, 14.391651123317736], [1, 82, 17.869576485760298]]
最小値:95.08684539260545
入力値:[5, 50, -5.80462207590481]
経過時間:68.67825841903687sec
num_evaluation of BBF = 15.0
 input_history 
[[26, 15, -1.6184313238258987], [5, 49, -26.731529530658722], [16, 66, -8.574283836898221], [19, 85, 2.45621125815169], [5, 50, -5.80462207590481], [5, 70, 29.652446305316253], [10, 67, 14.391651123317736], [1, 82, 17.869576485760298], [24, 48, -5.85164945779362], [7, 36, 13.444234044701297], [33, 76, 29.362790896800142], [33, 15, -7.571493953978823], [21, 70, -6.097624871323006], [37, 42, -12.968436986538158], [9, 65, -1.724942115881099]]
最小値:95.08684539260545
入力値:[5, 50, -5.80462207590481]
経過時間:71.96915745735168sec
num_evaluation of BBF = 30.0
 input_history 
[[5, 70, 29.652446305316253], [10, 67, 14.391651123317736], [1, 82, 17.869576485760298], [24, 48, -5.85164945779362], [7, 36, 13.444234044701297], [33, 76, 29.362790896800142], [33, 15, -7.571493953978823], [21, 70, -6.097624871323006], [37, 42, -12.968436986538158], [9, 65, -1.724942115881099], [2, 25, 14.08410262281906], [4, 29, 3.604559828741138], [22, 3, 23.1158447842423], [24, 60, 23.020737550031228], [20, 82, -5.750600719636314], [6, 28, 19.555997350151017], [34, 91, -2.165361328650242], [28, 78, 25.487625897311773], [1, 17, 1.3669047490457054], [21, 50, -14.903151409771318]]
最小値:87.99606240712134
入力値:[22, 3, 23.1158447842423]
経過時間:94.5187029838562sec
num_evaluation of BBF = 50.0
 input_history 
[[37, 42, -12.968436986538158], [9, 65, -1.724942115881099], [2, 25, 14.08410262281906], [4, 29, 3.604559828741138], [22, 3, 23.1158447842423], [24, 60, 23.020737550031228], [20, 82, -5.750600719636314], [6, 28, 19.555997350151017], [34, 91, -2.165361328650242], [28, 78, 25.487625897311773], [1, 17, 1.3669047490457054], [21, 50, -14.903151409771318], [13, 39, -18.20027452727237], [12, 45, -9.522204526804742], [15, 57, 20.665640227127355], [32, 76, 5.232821458544116], [23, 22, 12.627020126566613], [27, 37, -0.5779324045704222], [33, 88, -11.075785464673743], [27, 90, 3.507997093450129], [31, 71, -7.930520463953268], [5, 67, -13.41897243404166], [39, 42, 21.0536636117126], [35, 96, -19.235619267627655], [23, 45, 6.479779250057561], [35, 69, 3.676507931496076], [2, 14, 17.160351528717797], [29, 57, -0.1769414499268045], [38, 62, 19.012049786744605], [33, 86, 3.0024711429062947], [9, 32, -23.224899912771214], [16, 37, -0.8708840525586155], [37, 73, 17.404643799812646], [1, 25, 26.7565800107474], [27, 86, 19.12320527448265], [16, 68, 19.36325642500004], [31, 66, 21.06301211883374], [14, 94, -17.558099411351876], [0, 91, 28.38435029275597], [21, 64, 7.813329389116376], [11, 86, 27.218675307191035], [16, 9, -0.5637338585686962], [36, 63, 6.769823367125937], [24, 66, -22.233857564758416], [34, 41, 15.988884820540221], [5, 26, 19.44008461042987], [33, 33, 12.136116634094485], [24, 33, -17.365358663440947], [28, 13, 24.826899005964258], [18, 11, -26.554014848085746]]
最小値:87.99606240712134
入力値:[22, 3, 23.1158447842423]
経過時間:240.61584734916687sec
num_evaluation of BBF = 100.0
 input_history 
[[5, 67, -13.41897243404166], [39, 42, 21.0536636117126], [35, 96, -19.235619267627655], [23, 45, 6.479779250057561], [35, 69, 3.676507931496076], [2, 14, 17.160351528717797], [29, 57, -0.1769414499268045], [38, 62, 19.012049786744605], [33, 86, 3.0024711429062947], [9, 32, -23.224899912771214], [16, 37, -0.8708840525586155], [37, 73, 17.404643799812646], [1, 25, 26.7565800107474], [27, 86, 19.12320527448265], [16, 68, 19.36325642500004], [31, 66, 21.06301211883374], [14, 94, -17.558099411351876], [0, 91, 28.38435029275597], [21, 64, 7.813329389116376], [11, 86, 27.218675307191035], [16, 9, -0.5637338585686962], [36, 63, 6.769823367125937], [24, 66, -22.233857564758416], [34, 41, 15.988884820540221], [5, 26, 19.44008461042987], [33, 33, 12.136116634094485], [24, 33, -17.365358663440947], [28, 13, 24.826899005964258], [18, 11, -26.554014848085746], [39, 33, -29.5247393152978], [31, 68, 11.84733878922944], [8, 53, 2.716115490592216], [23, 59, -21.234406871233006], [34, 7, -28.87398646613207], [0, 46, 27.21443743153204], [24, 29, -3.0314847444723405], [24, 70, 14.68178797292208], [5, 11, -23.189421924724677], [1, 7, -29.5263151235423], [32, 69, 8.679751658521212], [5, 8, -4.1618738541626], [3, 36, 3.8853289098274644], [2, 42, 13.576380216291803], [19, 83, 24.79395236231408], [1, 96, 24.65713178125022], [35, 20, 0.32353701017451897], [8, 82, -25.972066800991783], [27, 5, 11.504008687772973], [5, 15, -18.60245265267986], [27, 79, -23.565220881484972]]
最小値:87.99606240712134
入力値:[22, 3, 23.1158447842423]
経過時間:214.12907075881958sec
num_evaluation of BBF = 150.0
 input_history 
[[36, 63, 6.769823367125937], [24, 66, -22.233857564758416], [34, 41, 15.988884820540221], [5, 26, 19.44008461042987], [33, 33, 12.136116634094485], [24, 33, -17.365358663440947], [28, 13, 24.826899005964258], [18, 11, -26.554014848085746], [39, 33, -29.5247393152978], [31, 68, 11.84733878922944], [8, 53, 2.716115490592216], [23, 59, -21.234406871233006], [34, 7, -28.87398646613207], [0, 46, 27.21443743153204], [24, 29, -3.0314847444723405], [24, 70, 14.68178797292208], [5, 11, -23.189421924724677], [1, 7, -29.5263151235423], [32, 69, 8.679751658521212], [5, 8, -4.1618738541626], [3, 36, 3.8853289098274644], [2, 42, 13.576380216291803], [19, 83, 24.79395236231408], [1, 96, 24.65713178125022], [35, 20, 0.32353701017451897], [8, 82, -25.972066800991783], [27, 5, 11.504008687772973], [5, 15, -18.60245265267986], [27, 79, -23.565220881484972], [23, 83, -16.981872695826098], [34, 81, 17.657267951500728], [23, 63, -5.0614038974478355], [39, 19, 25.426107908608216], [26, 57, -14.461231573868428], [26, 80, -25.188363206869106], [0, 74, -16.22713677294846], [36, 19, 10.997883557914406], [26, 54, -15.943525158642302], [10, 14, -20.573459103623506], [34, 33, -2.503365176150062], [14, 86, 23.931005785565716], [6, 20, -14.457475239198294], [1, 61, 8.32994769370822], [31, 90, -6.735802961171689], [4, 75, 22.067548586145882], [38, 34, -22.28435881427201], [27, 46, 10.64798268734058], [32, 89, 23.4032183954155], [35, 90, -8.696715224985812], [18, 70, 5.929952841607708]]
最小値:87.99606240712134
入力値:[22, 3, 23.1158447842423]
経過時間:210.87767219543457sec
num_evaluation of BBF = 200.0
 input_history 
[[4, 25, -10.861666453595806], [19, 23, -2.6649052003072917], [14, 23, 0.06722781959627255], [26, 8, -0.007049950466402777], [4, 48, 18.22434216626253], [0, 75, 10.459825376337285], [6, 19, 11.641894525312786], [5, 56, 25.872361181341304], [0, 34, -16.18182725874211], [14, 38, 24.54770249320388], [9, 87, 1.4047548404259516], [8, 83, 10.140794453034829], [0, 16, -17.709054582132296], [29, 44, -7.65691863689646], [7, 23, -8.04657685316442]]
最小値:94.16372665266907
入力値:[5, 56, 25.872361181341304]
経過時間:63.65911030769348sec
num_evaluation of BBF = 15.0
 input_history 
[[19, 60, -17.19687878520507], [5, 56, 25.872361181341304], [0, 34, -16.18182725874211], [14, 38, 24.54770249320388], [9, 87, 1.4047548404259516], [8, 83, 10.140794453034829], [0, 16, -17.709054582132296], [29, 44, -7.65691863689646], [7, 23, -8.04657685316442], [35, 64, 16.11885039117056], [23, 92, 4.357519958637241], [21, 35, 2.8341075865827605], [27, 19, 25.259612407874897], [19, 33, -4.8745664598084275], [37, 73, -19.172902847839104]]
最小値:94.16372665266907
入力値:[5, 56, 25.872361181341304]
経過時間:63.50624370574951sec
num_evaluation of BBF = 30.0
 input_history 
[[31, 93, 6.822208183579747], [7, 23, -8.04657685316442], [35, 64, 16.11885039117056], [23, 92, 4.357519958637241], [21, 35, 2.8341075865827605], [27, 19, 25.259612407874897], [19, 33, -4.8745664598084275], [37, 73, -19.172902847839104], [31, 2, 0.2373086332322174], [18, 21, 9.418338919985082], [11, 58, -5.688056498128084], [12, 93, -3.62992120859278], [9, 76, 11.077735437226494], [14, 20, 10.97483126252505], [15, 59, -11.468838908172174], [4, 43, -15.892775564552142], [23, 77, -1.6605602226958638], [3, 29, -22.133361459125165], [15, 29, -2.220216350734976], [38, 70, -5.8566909416573765]]
最小値:94.16372665266907
入力値:[5, 56, 25.872361181341304]
経過時間:84.89482569694519sec
num_evaluation of BBF = 50.0
 input_history 
[[2, 83, -4.412785638903461], [21, 67, -14.451853745481685], [16, 12, -24.464259249194875], [9, 76, 11.077735437226494], [14, 20, 10.97483126252505], [15, 59, -11.468838908172174], [4, 43, -15.892775564552142], [23, 77, -1.6605602226958638], [3, 29, -22.133361459125165], [15, 29, -2.220216350734976], [38, 70, -5.8566909416573765], [27, 7, 0.11540934045292062], [5, 52, 27.080168462500765], [29, 26, 1.1929011828752003], [22, 12, -23.39966812999683], [34, 59, -0.12485330375033143], [29, 17, -15.783705693190184], [12, 92, -19.45323684956389], [37, 73, 20.497778421855372], [4, 91, 8.446863622629074], [11, 6, -1.616651499496605], [21, 85, 26.614632278615723], [28, 56, -27.50561990385014], [12, 76, -19.294454714541068], [7, 85, 26.375565404668222], [38, 15, 18.797776225702798], [18, 63, 5.203255239937874], [5, 35, 18.73935083915174], [23, 95, -22.051560670995087], [27, 14, -19.828576586027452], [32, 34, -0.7141247241165374], [38, 18, 17.817081446613862], [13, 85, -13.544484408334725], [31, 14, 22.602055810898122], [25, 33, -3.5082154378416135], [18, 64, 5.105988160494846], [10, 52, 18.470127557764172], [28, 8, -20.11700047325923], [36, 89, -13.107970929090374], [28, 7, 8.308621359594156], [0, 82, 8.19759211666269], [0, 44, 1.4831902061179107], [34, 48, 4.005984277086164], [5, 21, -29.29255280330218], [11, 32, 29.55346315035841], [5, 28, -29.365205583699254], [31, 7, 21.97194204506347], [14, 47, 21.6688957534411], [13, 83, 2.7801861408199784], [24, 67, 11.615951670902632]]
最小値:90.96483288141633
入力値:[5, 52, 27.080168462500765]
経過時間:208.59032320976257sec
num_evaluation of BBF = 100.0
 input_history 
[[11, 6, -1.616651499496605], [21, 85, 26.614632278615723], [28, 56, -27.50561990385014], [12, 76, -19.294454714541068], [7, 85, 26.375565404668222], [38, 15, 18.797776225702798], [18, 63, 5.203255239937874], [5, 35, 18.73935083915174], [23, 95, -22.051560670995087], [27, 14, -19.828576586027452], [32, 34, -0.7141247241165374], [38, 18, 17.817081446613862], [13, 85, -13.544484408334725], [31, 14, 22.602055810898122], [25, 33, -3.5082154378416135], [18, 64, 5.105988160494846], [10, 52, 18.470127557764172], [28, 8, -20.11700047325923], [36, 89, -13.107970929090374], [28, 7, 8.308621359594156], [0, 82, 8.19759211666269], [0, 44, 1.4831902061179107], [34, 48, 4.005984277086164], [5, 21, -29.29255280330218], [11, 32, 29.55346315035841], [5, 28, -29.365205583699254], [31, 7, 21.97194204506347], [14, 47, 21.6688957534411], [13, 83, 2.7801861408199784], [24, 67, 11.615951670902632], [32, 33, -25.719618764567564], [4, 95, 11.761316291125539], [30, 78, 9.027841381897275], [12, 16, 11.34223006376731], [26, 96, 16.207099268366846], [33, 8, 27.515397015043725], [33, 79, -17.58713148768534], [34, 12, -7.830845060376959], [20, 43, -15.753845001913378], [21, 50, 25.35618918467741], [18, 69, 9.007699717717962], [5, 5, 15.117213668532457], [29, 16, 14.689420420908576], [4, 77, -3.0177289222020462], [24, 91, -29.75039043414728], [16, 5, -13.668249506670744], [9, 44, 6.5547846434840125], [14, 70, -17.53828265425042], [37, 86, -13.944722520820171], [9, 35, 18.621418613637054]]
最小値:90.96483288141633
入力値:[5, 52, 27.080168462500765]
経過時間:212.0537486076355sec
num_evaluation of BBF = 150.0
 input_history 
[[0, 44, 1.4831902061179107], [34, 48, 4.005984277086164], [5, 21, -29.29255280330218], [11, 32, 29.55346315035841], [5, 28, -29.365205583699254], [31, 7, 21.97194204506347], [14, 47, 21.6688957534411], [13, 83, 2.7801861408199784], [24, 67, 11.615951670902632], [32, 33, -25.719618764567564], [4, 95, 11.761316291125539], [30, 78, 9.027841381897275], [12, 16, 11.34223006376731], [26, 96, 16.207099268366846], [33, 8, 27.515397015043725], [33, 79, -17.58713148768534], [34, 12, -7.830845060376959], [20, 43, -15.753845001913378], [21, 50, 25.35618918467741], [18, 69, 9.007699717717962], [5, 5, 15.117213668532457], [29, 16, 14.689420420908576], [4, 77, -3.0177289222020462], [24, 91, -29.75039043414728], [16, 5, -13.668249506670744], [9, 44, 6.5547846434840125], [14, 70, -17.53828265425042], [37, 86, -13.944722520820171], [9, 35, 18.621418613637054], [32, 21, 5.762947207509029], [0, 84, 23.736599112896513], [2, 11, -3.311258102737277], [36, 72, 11.094242223606827], [7, 53, 10.541077960441683], [19, 86, 3.9031120362623], [35, 81, -12.63763130529383], [15, 74, 4.13694989320166], [17, 90, -4.724777484043599], [8, 13, 20.128113668852087], [34, 67, -13.1471857530648], [26, 81, 23.41309124647006], [37, 37, -12.53338431029017], [9, 91, 12.97743852018607], [20, 66, -27.883599821192234], [20, 57, 23.648720217372933], [10, 32, -9.777943234183923], [2, 22, 28.227479630381644], [28, 53, -7.7475060426309454], [38, 73, 3.778250512761012], [36, 40, 11.501580764645922]]
最小値:90.96483288141633
入力値:[5, 52, 27.080168462500765]
経過時間:211.9601285457611sec
num_evaluation of BBF = 200.0
 input_history 
[[3, 84, 28.11243976925592], [5, 90, 1.8513414933359371], [21, 60, -5.85891839775811], [10, 27, -1.2964922518558524], [9, 61, 2.603161052552423], [34, 59, 12.742474444925477], [38, 93, -4.434493771428471], [4, 53, 22.48895347138079], [26, 66, 28.972232793206025], [37, 81, -25.743429314988077], [28, 91, -6.381905103383705], [22, 31, -9.272303280127975], [21, 72, -28.276077062202276], [31, 47, -7.142466647768821], [7, 45, 26.328234798646307]]
最小値:94.19837481623753
入力値:[7, 45, 26.328234798646307]
経過時間:63.8306028842926sec
num_evaluation of BBF = 15.0
 input_history 
[[9, 51, -1.072555047040332], [7, 59, -16.871936350810323], [26, 66, 28.972232793206025], [37, 81, -25.743429314988077], [28, 91, -6.381905103383705], [22, 31, -9.272303280127975], [21, 72, -28.276077062202276], [31, 47, -7.142466647768821], [7, 45, 26.328234798646307], [7, 95, -4.0514440325750485], [25, 60, -26.17470340211445], [4, 37, 8.926239432533599], [18, 38, 11.2164299333132], [39, 46, 17.410352480297135], [31, 32, 5.0378726100580025]]
最小値:93.90278320656502
入力値:[39, 46, 17.410352480297135]
経過時間:63.692089796066284sec
num_evaluation of BBF = 30.0
 input_history 
[[28, 28, -8.898915823792795], [10, 64, 15.849607881957603], [2, 38, -10.81861221197834], [36, 89, 18.063353179583665], [27, 68, -25.878591992510565], [2, 82, 17.7344735057386], [22, 39, -2.6731306736440175], [6, 95, 4.1961361098130965], [34, 7, -19.151267656792893], [34, 42, 7.623338811314902], [9, 16, 20.742274911468165], [20, 87, 14.256151733882831], [6, 28, 0.6348273151962189], [19, 75, -29.195634096311153], [28, 72, -13.729535297381748], [14, 39, 26.563809750842445], [15, 28, 19.366945229851588], [16, 74, 0.6349348009309459], [2, 70, 13.240680688789311], [19, 8, -17.79541367088057]]
最小値:93.79022782388571
入力値:[2, 38, -10.81861221197834]
経過時間:85.41191482543945sec
num_evaluation of BBF = 50.0
 input_history 
[[38, 42, 7.623338811314902], [9, 16, 20.742274911468165], [20, 87, 14.256151733882831], [6, 28, 0.6348273151962189], [19, 75, -29.195634096311153], [28, 72, -13.729535297381748], [14, 39, 26.563809750842445], [15, 28, 19.366945229851588], [16, 74, 0.6349348009309459], [2, 70, 13.240680688789311], [19, 8, -17.79541367088057], [22, 76, 18.879696649434194], [35, 29, 19.136134621955172], [0, 48, 26.3522481614323], [6, 39, -19.274579059927945], [32, 24, 3.7370030376980097], [14, 77, 18.398780112793546], [10, 2, -21.696917597034584], [2, 12, -29.50149753404578], [7, 7, 0.12464355812930705], [10, 35, -9.757941730339546], [17, 70, 10.67806437172888], [4, 40, -24.262298321946812], [22, 44, 29.336336427625334], [3, 29, 18.5097878300934], [25, 6, 1.757547138499806], [10, 58, -22.539870114856967], [12, 86, -0.28672076600220464], [17, 73, -8.855048353025854], [28, 96, -10.434125714195012], [0, 81, -2.3255130225322134], [34, 39, 5.066207513617215], [33, 65, -27.170803227321013], [24, 32, 4.721664427259029], [8, 17, -26.852959558791184], [6, 20, 20.816792612796178], [1, 81, -24.793964274121524], [33, 82, 11.615299959769736], [15, 19, -1.3045673502574644], [20, 42, 2.224207016756445], [23, 6, 28.280356112157115], [23, 8, 3.4883421626673794], [6, 90, -1.4265652817197498], [13, 1, -18.76497394696502], [13, 4, -17.760386999501314], [21, 42, -5.48727916117447], [26, 75, 12.035411538697034], [20, 71, 27.042535247454225], [28, 95, -6.721763464929104], [29, 19, 8.72905078505012]]
最小値:89.41172992139511
入力値:[23, 6, 28.280356112157115]
経過時間:210.02428126335144sec
num_evaluation of BBF = 100.0
 input_history 
[[7, 54, 29.827119692191317], [35, 50, 20.997437411383245], [17, 70, 10.67806437172888], [4, 40, -24.262298321946812], [22, 44, 29.336336427625334], [3, 29, 18.5097878300934], [25, 6, 1.757547138499806], [10, 58, -22.539870114856967], [12, 86, -0.28672076600220464], [17, 73, -8.855048353025854], [28, 96, -10.434125714195012], [0, 81, -2.3255130225322134], [34, 39, 5.066207513617215], [33, 65, -27.170803227321013], [24, 32, 4.721664427259029], [8, 17, -26.852959558791184], [6, 20, 20.816792612796178], [1, 81, -24.793964274121524], [33, 82, 11.615299959769736], [15, 19, -1.3045673502574644], [20, 42, 2.224207016756445], [23, 6, 28.280356112157115], [23, 8, 3.4883421626673794], [6, 90, -1.4265652817197498], [13, 1, -18.76497394696502], [13, 4, -17.760386999501314], [21, 42, -5.48727916117447], [26, 75, 12.035411538697034], [20, 71, 27.042535247454225], [28, 95, -6.721763464929104], [29, 19, 8.72905078505012], [4, 29, 11.43018270520664], [30, 73, -6.803402288249501], [34, 61, -8.887414685826045], [36, 35, 14.61960839065108], [24, 65, 23.029511775296285], [6, 10, 5.577808450082308], [2, 90, -18.957344098263015], [38, 60, -0.6374170211027739], [0, 22, -15.223223010706743], [36, 85, -11.19217233201497], [3, 32, -15.834296003135277], [19, 69, -29.750088072932908], [21, 27, -4.085513246020028], [3, 69, 2.7938952144517373], [9, 78, 14.132359262873202], [28, 77, -11.474565630041159], [10, 7, -3.2331607125826523], [19, 40, 8.858183754780704], [38, 69, 8.568801595586834]]
最小値:89.41172992139511
入力値:[23, 6, 28.280356112157115]
経過時間:213.46320486068726sec
num_evaluation of BBF = 150.0
 input_history 
[[20, 42, 2.224207016756445], [23, 6, 28.280356112157115], [23, 8, 3.4883421626673794], [6, 90, -1.4265652817197498], [13, 1, -18.76497394696502], [13, 4, -17.760386999501314], [21, 42, -5.48727916117447], [26, 75, 12.035411538697034], [20, 71, 27.042535247454225], [28, 95, -6.721763464929104], [29, 19, 8.72905078505012], [4, 29, 11.43018270520664], [30, 73, -6.803402288249501], [34, 61, -8.887414685826045], [36, 35, 14.61960839065108], [24, 65, 23.029511775296285], [6, 10, 5.577808450082308], [2, 90, -18.957344098263015], [38, 60, -0.6374170211027739], [0, 22, -15.223223010706743], [36, 85, -11.19217233201497], [3, 32, -15.834296003135277], [19, 69, -29.750088072932908], [21, 27, -4.085513246020028], [3, 69, 2.7938952144517373], [9, 78, 14.132359262873202], [28, 77, -11.474565630041159], [10, 7, -3.2331607125826523], [19, 40, 8.858183754780704], [38, 69, 8.568801595586834], [39, 86, 9.766051028135102], [27, 51, 10.319063040633026], [2, 26, 15.708471030002471], [11, 71, -10.930694065060013], [24, 79, 9.547390101049551], [23, 9, 0.23238297816611464], [34, 6, 19.100345448635693], [29, 13, 22.952309112494426], [39, 5, 23.404586948706616], [20, 17, -13.64652405911572], [3, 83, 1.9473368222776806], [35, 48, 10.081389938782422], [22, 20, 3.6661779910691052], [33, 14, -19.84963603885788], [24, 83, -17.488713546231708], [23, 40, -27.538244711014404], [30, 87, -1.7299232614705033], [35, 94, 21.97089918430453], [11, 11, 7.9651544688576905], [24, 69, 8.382329345810462]]
最小値:89.41172992139511
入力値:[23, 6, 28.280356112157115]
経過時間:216.13906168937683sec
num_evaluation of BBF = 200.0
 input_history 
[[28, 54, -29.54741427280179], [22, 65, -16.886479462435307], [27, 33, -19.993419208060715], [0, 60, 27.05784189760299], [24, 74, 11.946443483925663], [12, 18, 2.870266982788891], [1, 56, -6.811369823120078], [37, 19, 19.492227870032885], [9, 80, 26.431464571599363], [13, 59, -19.821824544973975], [13, 93, 26.73104501857444], [22, 50, 28.250760725413507], [35, 52, 4.905083420902862], [10, 56, -27.197997827107617], [5, 24, -20.39579781418842]]
最小値:94.40004379645049
入力値:[0, 60, 27.05784189760299]
経過時間:63.86192345619202sec
num_evaluation of BBF = 15.0
 input_history 
[[12, 18, 2.870266982788891], [1, 56, -6.811369823120078], [37, 19, 19.492227870032885], [9, 80, 26.431464571599363], [13, 59, -19.821824544973975], [13, 93, 26.73104501857444], [22, 50, 28.250760725413507], [35, 52, 4.905083420902862], [10, 56, -27.197997827107617], [5, 24, -20.39579781418842], [4, 72, -21.59051011403406], [34, 91, -18.758481176314703], [13, 71, 12.211750428083285], [15, 46, 8.82700281270668], [29, 50, -2.2981402517581806]]
最小値:94.40004379645049
入力値:[0, 60, 27.05784189760299]
経過時間:64.95814514160156sec
num_evaluation of BBF = 30.0
 input_history 
[[22, 50, 28.250760725413507], [35, 52, 4.905083420902862], [10, 56, -27.197997827107617], [5, 24, -20.39579781418842], [4, 72, -21.59051011403406], [34, 91, -18.758481176314703], [13, 71, 12.211750428083285], [15, 46, 8.82700281270668], [29, 50, -2.2981402517581806], [19, 41, 10.422859118669365], [19, 48, -20.24363720639515], [34, 16, -8.824982806039085], [14, 75, 18.069385901741157], [27, 32, 24.568572555495017], [27, 64, -7.492634250253566], [23, 33, -3.3532622973572117], [22, 82, -5.139220512022703], [16, 57, -17.001617236388274], [23, 94, -5.044879979112469], [15, 11, -0.33980369203759864]]
最小値:94.40004379645049
入力値:[0, 60, 27.05784189760299]
経過時間:83.94964361190796sec
num_evaluation of BBF = 50.0
 input_history 
[[38, 66, 8.2832390830431], [34, 61, -26.816434530876418], [19, 48, -20.24363720639515], [34, 16, -8.824982806039085], [14, 75, 18.069385901741157], [27, 32, 24.568572555495017], [27, 64, -7.492634250253566], [23, 33, -3.3532622973572117], [22, 82, -5.139220512022703], [16, 57, -17.001617236388274], [23, 94, -5.044879979112469], [15, 11, -0.33980369203759864], [2, 76, 4.479502986170267], [21, 18, -26.73819278560164], [22, 29, 6.895948521733125], [1, 70, -19.01083598080677], [24, 40, -27.622240354433977], [0, 45, -0.5639071095410593], [35, 86, -28.207551464390196], [23, 61, -8.732558284110624], [18, 84, 26.362248175081326], [8, 33, 28.83258736142799], [19, 85, 13.886894678804907], [2, 49, 4.549531069191836], [9, 67, 27.909491007602796], [35, 10, 24.181295729836165], [29, 58, 1.289238191036425], [14, 11, 18.78428884369584], [15, 29, 20.172420044684728], [34, 52, 18.718267695509446], [6, 79, 10.735654141836115], [28, 85, 27.12795377026049], [22, 10, -19.863823189719067], [13, 21, 23.63656464401314], [25, 63, 10.929166210284166], [28, 82, 8.707139909710364], [29, 50, 28.50278254362324], [0, 55, 7.422978819558729], [9, 2, -19.282923890468858], [23, 36, -17.698146341626952], [7, 35, 17.190720347468748], [16, 48, 5.591605283021742], [20, 16, 17.64531352153996], [27, 6, -29.841378421946896], [30, 8, -28.663178767506277], [16, 77, 25.119607979025375], [14, 68, -8.681917626156316], [11, 80, 2.253343229099279], [26, 40, -8.621431360502534], [26, 23, -27.271830110828844]]
最小値:90.85778010345392
入力値:[22, 10, -19.863823189719067]
経過時間:213.78717517852783sec
num_evaluation of BBF = 100.0
 input_history 
[[18, 84, 26.362248175081326], [8, 33, 28.83258736142799], [19, 85, 13.886894678804907], [2, 49, 4.549531069191836], [9, 67, 27.909491007602796], [35, 10, 24.181295729836165], [29, 58, 1.289238191036425], [14, 11, 18.78428884369584], [15, 29, 20.172420044684728], [34, 52, 18.718267695509446], [6, 79, 10.735654141836115], [28, 85, 27.12795377026049], [22, 10, -19.863823189719067], [13, 21, 23.63656464401314], [25, 63, 10.929166210284166], [28, 82, 8.707139909710364], [29, 50, 28.50278254362324], [0, 55, 7.422978819558729], [9, 2, -19.282923890468858], [23, 36, -17.698146341626952], [7, 35, 17.190720347468748], [16, 48, 5.591605283021742], [20, 16, 17.64531352153996], [27, 6, -29.841378421946896], [30, 8, -28.663178767506277], [16, 77, 25.119607979025375], [14, 68, -8.681917626156316], [11, 80, 2.253343229099279], [26, 40, -8.621431360502534], [26, 23, -27.271830110828844], [29, 6, 13.867790130810796], [5, 54, -11.829228071065476], [36, 71, 23.005993565098144], [6, 55, 5.505101584058529], [3, 63, 14.604787972629367], [28, 35, 24.280520548323224], [12, 90, -3.5008089503443713], [23, 24, 18.46173585304784], [2, 28, 11.675309523422122], [17, 70, 27.835063820248955], [21, 83, 11.178328756822282], [7, 51, 17.76621576116564], [29, 81, -18.911137510169088], [16, 1, -27.487995015074546], [15, 48, -2.88161231471301], [38, 78, -25.173742899154064], [26, 8, -0.7948994933878915], [30, 94, 25.30226482951577], [35, 84, -25.253937469422155], [7, 12, -10.405462871803465]]
最小値:89.78226781206489
入力値:[16, 1, -27.487995015074546]
経過時間:218.23650646209717sec
num_evaluation of BBF = 150.0
 input_history 
[[35, 73, -2.279373522119748], [20, 16, 17.64531352153996], [27, 6, -29.841378421946896], [30, 8, -28.663178767506277], [16, 77, 25.119607979025375], [14, 68, -8.681917626156316], [11, 80, 2.253343229099279], [26, 40, -8.621431360502534], [26, 23, -27.271830110828844], [29, 6, 13.867790130810796], [5, 54, -11.829228071065476], [36, 71, 23.005993565098144], [6, 55, 5.505101584058529], [3, 63, 14.604787972629367], [28, 35, 24.280520548323224], [12, 90, -3.5008089503443713], [23, 24, 18.46173585304784], [2, 28, 11.675309523422122], [17, 70, 27.835063820248955], [21, 83, 11.178328756822282], [7, 51, 17.76621576116564], [29, 81, -18.911137510169088], [16, 1, -27.487995015074546], [15, 48, -2.88161231471301], [38, 78, -25.173742899154064], [26, 8, -0.7948994933878915], [30, 94, 25.30226482951577], [35, 84, -25.253937469422155], [7, 12, -10.405462871803465], [21, 45, 18.32736546677254], [14, 96, -17.841892061669192], [37, 58, -21.624429025878698], [19, 88, -22.648642547345162], [34, 60, 19.876593551684195], [12, 68, 25.926504994920855], [22, 9, 16.626768346267156], [20, 10, -29.702915412510066], [20, 45, -27.808852636123625], [6, 62, -29.327529220106104], [25, 7, 8.960556391182223], [30, 35, 20.664614016423535], [5, 76, 25.27841969403365], [4, 9, -12.333929917631053], [39, 66, -9.739403767122564], [22, 52, 2.3608637207298457], [1, 74, -29.387708600042924], [21, 48, -10.627496350476061], [4, 69, -13.744431591982643], [36, 28, -14.205691203262907], [9, 68, 10.397326560233978]]
最小値:89.78226781206489
入力値:[16, 1, -27.487995015074546]
経過時間:215.83185076713562sec
num_evaluation of BBF = 200.0