
BO_ratio_matrix = 
[[98.16008296 98.69006363 99.03589419 95.87251271 95.72039078 88.15354212
  92.3117635  96.01050717 89.63450101 94.73518315]
 [96.88500717 68.87020392 85.10708814 93.26899144 91.79176879 87.46463697
  81.88599239 95.20064994 89.63450101 94.26800424]
 [96.88500717 68.87020392 85.10708814 86.4500052  88.5467135  87.46463697
  81.88599239 92.36852699 89.63450101 93.42265509]
 [90.67886012 68.87020392 85.10708814 85.01374365 88.46053763 87.46463697
  81.88599239 92.01762216 86.54753301 89.24933048]
 [88.79479455 68.87020392 85.10708814 78.45128217 88.42129082 87.46463697
  79.35130578 84.92753641 86.53982645 89.24933048]
 [88.72456667 68.87020392 85.10708814 78.42874321 88.42129082 87.46463697
  79.35130578 84.92753641 86.53982645 89.24933048]]
RS_ratio_matrix = 
[[97.3963279  88.97781219 95.20068989 96.74226457 96.12393858 83.57421095
  98.16038009 97.20742297 97.24319108 97.4513787 ]
 [96.85843375 88.97781219 95.20068989 96.74226457 96.12393858 83.57421095
  98.16038009 97.20742297 96.93804493 97.4513787 ]
 [95.85979361 88.97781219 95.20068989 96.74226457 95.58620515 83.57421095
  90.84039855 97.20742297 96.82185137 97.4513787 ]
 [95.85979361 88.97781219 92.49577543 95.17836465 94.37223623 83.57421095
  90.84039855 93.90512992 92.30182532 93.79461683]
 [94.23190283 88.97781219 92.49577543 95.17836465 94.37223623 83.57421095
  90.84039855 93.90512992 92.30182532 92.68434027]
 [92.87336204 88.97781219 92.49577543 95.17836465 91.83175859 83.57421095
  90.84039855 93.90512992 92.30182532 92.68434027]]
Mean Accumulated PREC(%) 10 times; BBF=[ 15.  30.  50. 100. 150. 200.]
BO_vec=array([94.83244412, 88.4376844 , 87.06353304, 85.52955485, 83.71772957,
       83.70845289])
RS_vec=array([94.80776169, 94.72345766, 93.8262028 , 92.13001637, 91.85619964,
       91.46629779])
Median Accumulated PREC(%) 10 times; BBF=[ 15.  30.  50. 100. 150. 200.]
BO_vec=array([95.79645175, 90.7131349 , 88.00567523, 87.00608499, 85.8234573 ,
       85.8234573 ])
RS_vec=array([96.97484377, 96.80034916, 95.72299938, 93.14519613, 92.59005785,
       92.39880037])
Min Accumulated PREC(%) 10 times; BBF=[ 15.  30.  50. 100. 150. 200.]
BO_vec=array([88.15354212, 68.87020392, 68.87020392, 68.87020392, 68.87020392,
       68.87020392])
RS_vec=array([83.57421095, 83.57421095, 83.57421095, 83.57421095, 83.57421095,
       83.57421095])
Max Accumulated PREC(%) 10 times; BBF=[ 15.  30.  50. 100. 150. 200.]
BO_vec=array([99.03589419, 96.88500717, 96.88500717, 92.01762216, 89.24933048,
       89.24933048])
RS_vec=array([98.16038009, 98.16038009, 97.4513787 , 95.85979361, 95.17836465,
       95.17836465])