
BO_ratio_matrix = 
[[99.56417195 99.58696253 99.50515785 99.44752993 99.561848   99.56797518
  99.59293328 99.58990767 99.56105868 99.50438806]
 [99.56417195 99.57899787 99.47403934 99.44752993 99.48219016 99.56797518
  99.41306808 99.58459522 99.56105868 99.48438347]
 [99.56417195 99.51860166 99.42039914 99.44752993 99.48219016 99.52604735
  99.4071637  99.52688817 99.2878207  99.34470302]
 [99.45388573 99.45293434 99.42039914 99.44752993 99.42039914 98.93987916
  99.3963693  99.19073358 99.2878207  99.2548707 ]
 [99.45388573 99.45293434 99.33144781 99.22041172 99.42039914 98.93987916
  99.34470302 99.19073358 99.2878207  99.2548707 ]
 [99.2878207  99.45293434 99.33144781 99.22041172 99.27508638 98.93987916
  99.34470302 99.19073358 99.2878207  99.2305815 ]]
RS_ratio_matrix = 
[[99.6059547  99.47217939 99.59243352 99.5460957  99.5746589  98.93987916
  99.60764726 99.59921754 99.51644564 99.59116545]
 [99.59473821 99.47217939 99.09895073 99.5460957  99.56702993 98.93987916
  99.58153915 99.59921754 99.51644564 99.56289749]
 [99.57053624 99.47217939 99.09895073 99.50182915 99.49778549 98.93987916
  99.58153915 99.47498217 99.51644564 99.52269822]
 [99.45293434 98.94715625 99.09895073 99.46170709 98.93987916 98.93987916
  99.55186546 99.47403934 99.48595558 99.34514992]
 [98.94715625 98.94715625 98.57924101 99.13486747 98.93987916 98.93987916
  99.45306074 99.47403934 99.46097675 99.34514992]
 [98.94715625 98.94715625 98.57924101 99.13486747 98.93987916 98.93987916
  99.19073358 99.22041172 99.13486747 99.34514992]]
Mean Accumulated PREC(%) 10 times; BBF=[ 15.  30.  50. 100. 150. 200.]
BO_vec=array([99.54819331, 99.51580099, 99.45255158, 99.32648217, 99.28970859,
       99.25614189])
RS_vec=array([99.50456773, 99.44789729, 99.41768253, 99.2697517 , 99.1221406 ,
       99.0379342 ])
Median Accumulated PREC(%) 10 times; BBF=[ 15.  30.  50. 100. 150. 200.]
BO_vec=array([99.56300997, 99.52272107, 99.46486004, 99.40838422, 99.30963426,
       99.28145354])
RS_vec=array([99.58291217, 99.5544966 , 99.49980732, 99.39904213, 99.04101186,
       99.04101186])
Min Accumulated PREC(%) 10 times; BBF=[ 15.  30.  50. 100. 150. 200.]
BO_vec=array([99.44752993, 99.41306808, 99.2878207 , 98.93987916, 98.93987916,
       98.93987916])
RS_vec=array([98.93987916, 98.93987916, 98.93987916, 98.93987916, 98.57924101,
       98.57924101])
Max Accumulated PREC(%) 10 times; BBF=[ 15.  30.  50. 100. 150. 200.]
BO_vec=array([99.59293328, 99.58459522, 99.56417195, 99.45388573, 99.45388573,
       99.45293434])
RS_vec=array([99.60764726, 99.59921754, 99.58153915, 99.55186546, 99.47403934,
       99.34514992])