
BO_ratio_matrix = 
[[98.87727321 99.19385748 98.84868675 95.30085448 98.87727926 99.08225245
  98.75938857 98.76817456 98.63490419 98.28557727]
 [98.3325717  98.52246183 98.66684888 95.30085448 98.87727926 98.38840281
  98.66684888 98.48530313 98.63490419 98.28557727]
 [98.3325717  98.17363003 96.59545899 95.30085448 98.16276217 98.38840281
  98.66684888 98.48530313 95.49213443 98.28557727]
 [98.3325717  97.32103091 96.59545899 95.30085448 98.16276217 97.57826572
  97.54976009 98.28557727 95.49213443 98.28557727]
 [98.3325717  96.59583745 96.59545899 95.30085448 97.38901406 96.66917441
  97.54976009 98.28557727 95.49213443 98.28557727]
 [97.29816589 91.22213764 96.59545899 95.30085448 97.38901406 96.66917441
  97.54976009 98.28557727 95.49213443 97.14628493]]
RS_ratio_matrix = 
[[99.26903985 96.57178375 99.32982881 99.10041346 98.89332759 97.49967841
  99.26940592 98.92031207 98.7385781  99.37852925]
 [98.94532251 96.57178375 95.13586356 99.10041346 98.58426949 97.49967841
  98.94718538 98.4997029  98.7385781  99.06193162]
 [97.87114119 96.57178375 95.13586356 98.5704308  98.58426949 91.22213764
  98.94718538 98.4997029  98.61359899 98.59043276]
 [96.46798641 95.49213443 95.13586356 97.61959676 98.58250524 91.22213764
  95.98504197 98.34923587 97.6817025  97.27645488]
 [95.49213443 95.49213443 95.13586356 97.61959676 98.42485689 91.22213764
  95.98504197 98.18857656 97.6817025  97.26888718]
 [95.49213443 95.49213443 95.13586356 97.61959676 98.42485689 91.22213764
  95.98504197 96.09330899 97.6817025  96.57178375]]
Mean Accumulated PREC(%) 10 times; BBF=[ 10.  30.  50. 100. 150. 200.]
BO_vec=array([98.46282482, 98.21610524, 97.58835439, 97.2903993 , 97.04959602,
       96.29485622])
RS_vec=array([98.69708972, 98.10847292, 97.26065465, 96.38126592, 96.25109319,
       95.97185609])
Median Accumulated PREC(%) 10 times; BBF=[ 10.  30.  50. 100. 150. 200.]
BO_vec=array([98.80843065, 98.50388248, 98.22960365, 97.56401291, 97.02909423,
       96.90772967])
RS_vec=array([99.01036276, 98.66142379, 98.53506685, 96.87222064, 96.62696457,
       96.03917548])
Min Accumulated PREC(%) 10 times; BBF=[ 10.  30.  50. 100. 150. 200.]
BO_vec=array([95.30085448, 95.30085448, 95.30085448, 95.30085448, 95.30085448,
       91.22213764])
RS_vec=array([96.57178375, 95.13586356, 91.22213764, 91.22213764, 91.22213764,
       91.22213764])
Max Accumulated PREC(%) 10 times; BBF=[ 10.  30.  50. 100. 150. 200.]
BO_vec=array([99.19385748, 98.87727926, 98.66684888, 98.3325717 , 98.3325717 ,
       98.28557727])
RS_vec=array([99.37852925, 99.10041346, 98.94718538, 98.58250524, 98.42485689,
       98.42485689])