
 input
[[23, 8], [33, 8], [24, 4], [39, 8], [39, 9], [39, 10], [0, 10], [39, 3], [39, 2], [39, 1]]
 output
 [96.97489371 96.80843885 97.99865081 96.8802496  96.6917189  96.24593493
 96.74295047 96.56347056 96.46662583 96.54640785]
最小値:96.24593493043645
入力値:[39, 10]
経過時間:55.95007252693176sec
num_evaluation of BBF = 10.0
 input
[[23, 8], [33, 8], [24, 4], [39, 8], [39, 9], [39, 10], [0, 10], [39, 3], [39, 2], [39, 1], [38, 0], [2, 10], [3, 10], [4, 10], [5, 9], [7, 10], [10, 10], [8, 10], [8, 0], [8, 9], [22, 6], [30, 1], [9, 8], [1, 9], [18, 1], [34, 6], [34, 3], [9, 3], [9, 6], [19, 5]]
 output
 [ 96.97489371  96.80843885  97.99865081  96.8802496   96.6917189
  96.24593493  96.74295047  96.56347056  96.46662583  96.54640785
  96.79649781  96.43003337  95.93355262  95.670784    95.89703775
  94.39631893  96.20345497  93.9549351   97.25357367  94.06329743
  92.36971984  96.5012153   94.44683118  96.6005924   97.58563356
  96.65131518  96.52718554  97.85660354  97.85137893 102.64570643]
最小値:92.3697198379592
入力値:[22, 6]
経過時間:115.433025598526sec
num_evaluation of BBF = 30.0
 input
[[23, 8], [33, 8], [24, 4], [39, 8], [39, 9], [39, 10], [0, 10], [39, 3], [39, 2], [39, 1], [38, 0], [2, 10], [3, 10], [4, 10], [5, 9], [7, 10], [10, 10], [8, 10], [8, 0], [8, 9], [22, 6], [30, 1], [9, 8], [1, 9], [18, 1], [34, 6], [34, 3], [9, 3], [9, 6], [19, 5], [22, 5], [32, 0], [14, 2], [22, 10], [18, 6], [18, 9], [31, 8], [24, 7], [3, 4], [35, 1], [23, 3], [0, 5], [34, 8], [5, 5], [18, 2], [39, 6], [22, 0], [10, 5], [28, 5], [31, 7]]
 output
 [ 96.97489371  96.80843885  97.99865081  96.8802496   96.6917189
  96.24593493  96.74295047  96.56347056  96.46662583  96.54640785
  96.79649781  96.43003337  95.93355262  95.670784    95.89703775
  94.39631893  96.20345497  93.9549351   97.25357367  94.06329743
  92.36971984  96.5012153   94.44683118  96.6005924   97.58563356
  96.65131518  96.52718554  97.85660354  97.85137893 102.64570643
  94.22326634  96.5919632   98.50711114  97.31256728  99.5695962
  95.05492962  97.457361    97.95882835  97.14456046  96.59677559
  93.24166695  96.88230992  96.96178669  97.60872058  96.20909057
  96.74443046 105.89754536  97.51041491  96.8131256   96.47661488]
最小値:92.3697198379592
入力値:[22, 6]
経過時間:125.64866757392883sec
num_evaluation of BBF = 50.0
 input
[[23, 8], [33, 8], [24, 4], [39, 8], [39, 9], [39, 10], [0, 10], [39, 3], [39, 2], [39, 1], [38, 0], [2, 10], [3, 10], [4, 10], [5, 9], [7, 10], [10, 10], [8, 10], [8, 0], [8, 9], [22, 6], [30, 1], [9, 8], [1, 9], [18, 1], [34, 6], [34, 3], [9, 3], [9, 6], [19, 5], [22, 5], [32, 0], [14, 2], [22, 10], [18, 6], [18, 9], [31, 8], [24, 7], [3, 4], [35, 1], [23, 3], [0, 5], [34, 8], [5, 5], [18, 2], [39, 6], [22, 0], [10, 5], [28, 5], [31, 7], [33, 5], [20, 5], [28, 1], [23, 3], [28, 1], [22, 4], [15, 9], [23, 2], [0, 3], [35, 1], [23, 3], [0, 5], [34, 8], [5, 5], [18, 2], [39, 6], [18, 1], [18, 9], [24, 2], [24, 1], [14, 1], [24, 5], [37, 0], [14, 3], [38, 4], [11, 2], [15, 7], [24, 6], [5, 4], [17, 1], [26, 7], [31, 5], [13, 10], [13, 3], [16, 7], [18, 8], [11, 8], [23, 6], [5, 0], [13, 3], [17, 10], [23, 1], [35, 8], [6, 6], [29, 1], [27, 10], [11, 3], [30, 6], [5, 0], [5, 3]]
 output
 [ 96.97489371  96.80843885  97.99865081  96.8802496   96.6917189
  96.24593493  96.74295047  96.56347056  96.46662583  96.54640785
  96.79649781  96.43003337  95.93355262  95.670784    95.89703775
  94.39631893  96.20345497  93.9549351   97.25357367  94.06329743
  92.36971984  96.5012153   94.44683118  96.6005924   97.58563356
  96.65131518  96.52718554  97.85660354  97.85137893 102.64570643
  94.22326634  96.5919632   98.50711114  97.31256728  99.5695962
  95.05492962  97.457361    97.95882835  97.14456046  96.59677559
  93.24166695  96.88230992  96.96178669  97.60872058  96.20909057
  96.74443046 105.89754536  97.51041491  96.8131256   96.47661488
  96.56788966  96.01497107  96.37677737  93.24166695  96.37677737
  97.4579629   94.87864095  92.54074596  96.59657296  96.59677559
  93.24166695  96.88230992  96.96178669  97.60872058  96.20909057
  96.74443046  97.58563356  95.05492962  93.44744285  97.7574564
  95.80083419  96.05976468  96.78206717  96.90016663  96.43780812
  97.51213845  96.83333464  94.09308795  97.48417668 100.49718003
  94.9211701   96.54696784  95.55885727  97.19304452  97.72907703
 103.66391671  97.3953777   96.25498752  97.03114686  97.19304452
 104.17433635  96.17112217  96.66424403  97.85876026  96.64098023
  96.51235044  97.18853015  96.22428204  97.03114686  97.25907148]
最小値:92.3697198379592
入力値:[22, 6]
経過時間:323.03704142570496sec
num_evaluation of BBF = 100.0
 input
[[23, 8], [33, 8], [24, 4], [39, 8], [39, 9], [39, 10], [0, 10], [39, 3], [39, 2], [39, 1], [38, 0], [2, 10], [3, 10], [4, 10], [5, 9], [7, 10], [10, 10], [8, 10], [8, 0], [8, 9], [22, 6], [30, 1], [9, 8], [1, 9], [18, 1], [34, 6], [34, 3], [9, 3], [9, 6], [19, 5], [22, 5], [32, 0], [14, 2], [22, 10], [18, 6], [18, 9], [31, 8], [24, 7], [3, 4], [35, 1], [23, 3], [0, 5], [34, 8], [5, 5], [18, 2], [39, 6], [22, 0], [10, 5], [28, 5], [31, 7], [33, 5], [20, 5], [28, 1], [23, 3], [28, 1], [22, 4], [15, 9], [23, 2], [0, 3], [35, 1], [23, 3], [0, 5], [34, 8], [5, 5], [18, 2], [39, 6], [18, 1], [18, 9], [24, 2], [24, 1], [14, 1], [24, 5], [37, 0], [14, 3], [38, 4], [11, 2], [15, 7], [24, 6], [5, 4], [17, 1], [26, 7], [31, 5], [13, 10], [13, 3], [16, 7], [18, 8], [11, 8], [23, 6], [5, 0], [13, 3], [17, 10], [23, 1], [35, 8], [6, 6], [29, 1], [27, 10], [11, 3], [30, 6], [5, 0], [5, 3], [26, 0], [32, 0], [14, 2], [16, 4], [39, 3], [12, 7], [15, 9], [23, 2], [17, 4], [37, 6], [19, 9], [37, 4], [28, 8], [18, 3], [8, 6], [25, 10], [25, 0], [10, 5], [28, 5], [26, 10], [7, 0], [23, 7], [25, 4], [15, 0], [14, 9], [23, 4], [24, 10], [26, 2], [6, 4], [3, 8], [27, 6], [22, 2], [15, 1], [9, 10], [3, 5], [32, 1], [11, 5], [12, 3], [18, 9], [39, 6], [10, 8], [23, 8], [1, 2], [28, 5], [11, 5], [23, 3], [35, 4], [2, 3], [15, 3], [4, 2]]
 output
 [ 96.97489371  96.80843885  97.99865081  96.8802496   96.6917189
  96.24593493  96.74295047  96.56347056  96.46662583  96.54640785
  96.79649781  96.43003337  95.93355262  95.670784    95.89703775
  94.39631893  96.20345497  93.9549351   97.25357367  94.06329743
  92.36971984  96.5012153   94.44683118  96.6005924   97.58563356
  96.65131518  96.52718554  97.85660354  97.85137893 102.64570643
  94.22326634  96.5919632   98.50711114  97.31256728  99.5695962
  95.05492962  97.457361    97.95882835  97.14456046  96.59677559
  93.24166695  96.88230992  96.96178669  97.60872058  96.20909057
  96.74443046 105.89754536  97.51041491  96.8131256   96.47661488
  96.56788966  96.01497107  96.37677737  93.24166695  96.37677737
  97.4579629   94.87864095  92.54074596  96.59657296  96.59677559
  93.24166695  96.88230992  96.96178669  97.60872058  96.20909057
  96.74443046  97.58563356  95.05492962  93.44744285  97.7574564
  95.80083419  96.05976468  96.78206717  96.90016663  96.43780812
  97.51213845  96.83333464  94.09308795  97.48417668 100.49718003
  94.9211701   96.54696784  95.55885727  97.19304452  97.72907703
 103.66391671  97.3953777   96.25498752  97.03114686  97.19304452
 104.17433635  96.17112217  96.66424403  97.85876026  96.64098023
  96.51235044  97.18853015  96.22428204  97.03114686  97.25907148
  95.46251287  96.5919632   98.50711114  99.78862269  96.56347056
  97.73100721  94.87864095  92.54074596 102.11530194  96.83982143
  98.95329309  96.40043859  96.69043696 101.63203988  98.12269827
  94.09957469  95.49775998  97.51041491  96.8131256   97.59235157
  97.11216094  92.10962004  94.76387484 103.48101406  96.31891496
  95.23323603  97.959226    97.37277219  97.73046138  97.02346105
  95.62275635 100.180198    93.62857901  93.57129071  97.07712583
  96.62236584  96.61000334  96.84052305  95.05492962  96.74443046
  94.03894247  96.97489371  96.62471694  96.8131256   96.61000334
  93.24166695  96.56514511  96.70146074  93.81586752  96.63002937]
最小値:92.10962004043134
入力値:[23, 7]
経過時間:340.69091153144836sec
num_evaluation of BBF = 150.0
 input
[[39, 9], [5, 10], [9, 4], [39, 10], [0, 10], [5, 6], [39, 0], [0, 8], [0, 0], [34, 6]]
 output
 [96.6917189  95.4085346  98.35444201 96.24593493 96.74295047 97.54076172
 96.78032572 96.80244637 96.75901024 96.65131518]
最小値:95.4085346005734
入力値:[5, 10]
経過時間:57.7877471446991sec
num_evaluation of BBF = 10.0
 input
[[39, 9], [5, 10], [9, 4], [39, 10], [0, 10], [5, 6], [39, 0], [0, 8], [0, 0], [34, 6], [21, 3], [15, 2], [38, 1], [37, 7], [39, 5], [0, 3], [10, 8], [30, 8], [7, 2], [11, 0], [37, 8], [34, 5], [17, 4], [10, 10], [0, 7], [0, 9], [0, 1], [39, 3], [0, 5], [39, 6]]
 output
 [ 96.6917189   95.4085346   98.35444201  96.24593493  96.74295047
  97.54076172  96.78032572  96.80244637  96.75901024  96.65131518
  96.0353579   97.07506421  96.73463353  96.6370171   96.79698011
  96.59657296  94.03894247  96.01498855  97.31603048  96.83249285
  96.8612576   96.42841372 102.11530194  96.20345497  96.85774223
  96.62699744  96.65176607  96.56347056  96.88230992  96.74443046]
最小値:94.03894246829637
入力値:[10, 8]
経過時間:116.93633818626404sec
num_evaluation of BBF = 30.0
 input
[[39, 9], [5, 10], [9, 4], [39, 10], [0, 10], [5, 6], [39, 0], [0, 8], [0, 0], [34, 6], [21, 3], [15, 2], [38, 1], [37, 7], [39, 5], [0, 3], [10, 8], [30, 8], [7, 2], [11, 0], [37, 8], [34, 5], [17, 4], [10, 10], [0, 7], [0, 9], [0, 1], [39, 3], [0, 5], [39, 6], [21, 3], [12, 8], [9, 8], [7, 10], [8, 10], [37, 6], [16, 9], [6, 8], [26, 8], [25, 3], [24, 2], [25, 1], [25, 2], [24, 3], [15, 8], [31, 7], [5, 2], [11, 6], [18, 3], [39, 6]]
 output
 [ 96.6917189   95.4085346   98.35444201  96.24593493  96.74295047
  97.54076172  96.78032572  96.80244637  96.75901024  96.65131518
  96.0353579   97.07506421  96.73463353  96.6370171   96.79698011
  96.59657296  94.03894247  96.01498855  97.31603048  96.83249285
  96.8612576   96.42841372 102.11530194  96.20345497  96.85774223
  96.62699744  96.65176607  96.56347056  96.88230992  96.74443046
  96.0353579   96.1773093   94.44683118  94.39631893  93.9549351
  96.83982143 100.18064123  96.51743987  97.39625092  93.64233138
  93.44744285  97.52260529  94.82709028  97.97662378  92.15703058
  96.47661488  96.90360812  96.12649577 101.63203988  96.74443046]
最小値:92.15703058210372
入力値:[15, 8]
経過時間:123.28876161575317sec
num_evaluation of BBF = 50.0
 input
[[39, 9], [5, 10], [9, 4], [39, 10], [0, 10], [5, 6], [39, 0], [0, 8], [0, 0], [34, 6], [21, 3], [15, 2], [38, 1], [37, 7], [39, 5], [0, 3], [10, 8], [30, 8], [7, 2], [11, 0], [37, 8], [34, 5], [17, 4], [10, 10], [0, 7], [0, 9], [0, 1], [39, 3], [0, 5], [39, 6], [21, 3], [12, 8], [9, 8], [7, 10], [8, 10], [37, 6], [16, 9], [6, 8], [26, 8], [25, 3], [24, 2], [25, 1], [25, 2], [24, 3], [15, 8], [31, 7], [5, 2], [11, 6], [18, 3], [39, 6], [21, 3], [34, 6], [7, 3], [38, 10], [25, 0], [17, 9], [26, 4], [33, 10], [12, 8], [29, 0], [34, 1], [11, 4], [38, 6], [27, 0], [24, 3], [0, 0], [26, 10], [36, 0], [25, 0], [4, 6], [5, 4], [21, 8], [17, 1], [27, 7], [21, 8], [9, 5], [25, 10], [16, 8], [13, 4], [9, 3], [8, 0], [23, 4], [18, 3], [36, 1], [33, 5], [16, 2], [32, 9], [24, 1], [26, 9], [33, 9], [16, 10], [1, 3], [10, 6], [10, 2], [16, 8], [8, 1], [26, 1], [21, 8], [14, 3], [18, 1]]
 output
 [ 96.6917189   95.4085346   98.35444201  96.24593493  96.74295047
  97.54076172  96.78032572  96.80244637  96.75901024  96.65131518
  96.0353579   97.07506421  96.73463353  96.6370171   96.79698011
  96.59657296  94.03894247  96.01498855  97.31603048  96.83249285
  96.8612576   96.42841372 102.11530194  96.20345497  96.85774223
  96.62699744  96.65176607  96.56347056  96.88230992  96.74443046
  96.0353579   96.1773093   94.44683118  94.39631893  93.9549351
  96.83982143 100.18064123  96.51743987  97.39625092  93.64233138
  93.44744285  97.52260529  94.82709028  97.97662378  92.15703058
  96.47661488  96.90360812  96.12649577 101.63203988  96.74443046
  96.0353579   96.65131518  97.75743319  96.85685456  95.49775998
  98.454269    95.59642612  96.44822497  96.1773093   96.60974025
  96.63581954  97.10260199  96.82761791  96.31208335  97.97662378
  96.75901024  97.59235157  96.7642874   95.49775998  97.36081375
  97.48417668  95.88422604 100.49718003  96.84024709  95.88422604
  98.21502456  94.09957469  96.76138407  97.16083896  97.85660354
  97.25357367  95.23323603 101.63203988  96.64516694  96.56788966
  96.52925145  96.64302916  97.7574564   95.11013698  97.08330111
  97.30062091  96.7351705   97.11146152  97.62239852  96.76138407
  97.41854421  97.10584353  95.88422604  96.90016663  97.58563356]
最小値:92.15703058210372
入力値:[15, 8]
経過時間:320.91728472709656sec
num_evaluation of BBF = 100.0
 input
[[39, 9], [5, 10], [9, 4], [39, 10], [0, 10], [5, 6], [39, 0], [0, 8], [0, 0], [34, 6], [21, 3], [15, 2], [38, 1], [37, 7], [39, 5], [0, 3], [10, 8], [30, 8], [7, 2], [11, 0], [37, 8], [34, 5], [17, 4], [10, 10], [0, 7], [0, 9], [0, 1], [39, 3], [0, 5], [39, 6], [21, 3], [12, 8], [9, 8], [7, 10], [8, 10], [37, 6], [16, 9], [6, 8], [26, 8], [25, 3], [24, 2], [25, 1], [25, 2], [24, 3], [15, 8], [31, 7], [5, 2], [11, 6], [18, 3], [39, 6], [21, 3], [34, 6], [7, 3], [38, 10], [25, 0], [17, 9], [26, 4], [33, 10], [12, 8], [29, 0], [34, 1], [11, 4], [38, 6], [27, 0], [24, 3], [0, 0], [26, 10], [36, 0], [25, 0], [4, 6], [5, 4], [21, 8], [17, 1], [27, 7], [21, 8], [9, 5], [25, 10], [16, 8], [13, 4], [9, 3], [8, 0], [23, 4], [18, 3], [36, 1], [33, 5], [16, 2], [32, 9], [24, 1], [26, 9], [33, 9], [16, 10], [1, 3], [10, 6], [10, 2], [16, 8], [8, 1], [26, 1], [21, 8], [14, 3], [18, 1], [21, 3], [34, 6], [7, 3], [38, 10], [25, 0], [17, 9], [26, 4], [33, 10], [12, 8], [29, 0], [34, 1], [11, 4], [38, 6], [27, 0], [24, 3], [0, 0], [26, 10], [36, 0], [25, 0], [4, 6], [5, 4], [21, 8], [17, 1], [27, 7], [21, 8], [9, 5], [25, 10], [16, 8], [13, 4], [9, 3], [8, 0], [23, 4], [18, 3], [36, 1], [33, 5], [16, 2], [32, 9], [24, 1], [26, 9], [33, 9], [16, 10], [1, 3], [10, 6], [10, 2], [16, 8], [8, 1], [26, 1], [21, 8], [14, 3], [18, 1]]
 output
 [ 96.6917189   95.4085346   98.35444201  96.24593493  96.74295047
  97.54076172  96.78032572  96.80244637  96.75901024  96.65131518
  96.0353579   97.07506421  96.73463353  96.6370171   96.79698011
  96.59657296  94.03894247  96.01498855  97.31603048  96.83249285
  96.8612576   96.42841372 102.11530194  96.20345497  96.85774223
  96.62699744  96.65176607  96.56347056  96.88230992  96.74443046
  96.0353579   96.1773093   94.44683118  94.39631893  93.9549351
  96.83982143 100.18064123  96.51743987  97.39625092  93.64233138
  93.44744285  97.52260529  94.82709028  97.97662378  92.15703058
  96.47661488  96.90360812  96.12649577 101.63203988  96.74443046
  96.0353579   96.65131518  97.75743319  96.85685456  95.49775998
  98.454269    95.59642612  96.44822497  96.1773093   96.60974025
  96.63581954  97.10260199  96.82761791  96.31208335  97.97662378
  96.75901024  97.59235157  96.7642874   95.49775998  97.36081375
  97.48417668  95.88422604 100.49718003  96.84024709  95.88422604
  98.21502456  94.09957469  96.76138407  97.16083896  97.85660354
  97.25357367  95.23323603 101.63203988  96.64516694  96.56788966
  96.52925145  96.64302916  97.7574564   95.11013698  97.08330111
  97.30062091  96.7351705   97.11146152  97.62239852  96.76138407
  97.41854421  97.10584353  95.88422604  96.90016663  97.58563356
  96.0353579   96.65131518  97.75743319  96.85685456  95.49775998
  98.454269    95.59642612  96.44822497  96.1773093   96.60974025
  96.63581954  97.10260199  96.82761791  96.31208335  97.97662378
  96.75901024  97.59235157  96.7642874   95.49775998  97.36081375
  97.48417668  95.88422604 100.49718003  96.84024709  95.88422604
  98.21502456  94.09957469  96.76138407  97.16083896  97.85660354
  97.25357367  95.23323603 101.63203988  96.64516694  96.56788966
  96.52925145  96.64302916  97.7574564   95.11013698  97.08330111
  97.30062091  96.7351705   97.11146152  97.62239852  96.76138407
  97.41854421  97.10584353  95.88422604  96.90016663  97.58563356]
最小値:92.15703058210372
入力値:[15, 8]
経過時間:342.539847612381sec
num_evaluation of BBF = 150.0
 input
[[7, 9], [37, 5], [13, 2], [6, 10], [0, 10], [5, 0], [5, 9], [4, 10], [8, 10], [13, 10]]
 output
 [94.96483276 96.62296547 96.51883037 94.80447867 96.74295047 97.03114686
 95.89703775 95.670784   93.9549351  95.55885727]
最小値:93.95493510495105
入力値:[8, 10]
経過時間:55.39748191833496sec
num_evaluation of BBF = 10.0
 input
[[7, 9], [37, 5], [13, 2], [6, 10], [0, 10], [5, 0], [5, 9], [4, 10], [8, 10], [13, 10], [9, 10], [10, 10], [32, 5], [27, 9], [0, 5], [2, 8], [24, 0], [34, 4], [19, 10], [18, 10], [33, 2], [36, 4], [7, 2], [19, 4], [17, 7], [29, 3], [15, 9], [34, 4], [12, 6], [34, 7]]
 output
 [ 94.96483276  96.62296547  96.51883037  94.80447867  96.74295047
  97.03114686  95.89703775  95.670784    93.9549351   95.55885727
  93.57129071  96.20345497  96.63797619  96.87611684  96.88230992
  96.99369949  97.67540699  96.69977952  93.59137986 102.92391054
  96.60559961  96.46838979  97.31603048  95.50242045 102.52877365
  96.63304406  94.87864095  96.69977952  96.8656737   96.92324924]
最小値:93.57129070648843
入力値:[9, 10]
経過時間:117.92607736587524sec
num_evaluation of BBF = 30.0
 input
[[7, 9], [37, 5], [13, 2], [6, 10], [0, 10], [5, 0], [5, 9], [4, 10], [8, 10], [13, 10], [9, 10], [10, 10], [32, 5], [27, 9], [0, 5], [2, 8], [24, 0], [34, 4], [19, 10], [18, 10], [33, 2], [36, 4], [7, 2], [19, 4], [17, 7], [29, 3], [15, 9], [34, 4], [12, 6], [34, 7], [28, 5], [29, 0], [24, 4], [35, 2], [9, 6], [24, 7], [18, 8], [27, 2], [23, 5], [20, 9], [22, 6], [2, 3], [14, 2], [24, 2], [18, 4], [35, 5], [2, 7], [25, 1], [22, 4], [22, 7]]
 output
 [ 94.96483276  96.62296547  96.51883037  94.80447867  96.74295047
  97.03114686  95.89703775  95.670784    93.9549351   95.55885727
  93.57129071  96.20345497  96.63797619  96.87611684  96.88230992
  96.99369949  97.67540699  96.69977952  93.59137986 102.92391054
  96.60559961  96.46838979  97.31603048  95.50242045 102.52877365
  96.63304406  94.87864095  96.69977952  96.8656737   96.92324924
  96.8131256   96.60974025  97.99865081  96.65658987  97.85137893
  97.95882835 103.66391671  96.74474929  94.83861872 102.40969332
  92.36971984  96.70146074  98.50711114  93.44744285  93.5774792
  96.41727378  97.04554629  97.52260529  97.4579629   93.81129119]
最小値:92.3697198379592
入力値:[22, 6]
経過時間:176.0461642742157sec
num_evaluation of BBF = 50.0
 input
[[7, 9], [37, 5], [13, 2], [6, 10], [0, 10], [5, 0], [5, 9], [4, 10], [8, 10], [13, 10], [9, 10], [10, 10], [32, 5], [27, 9], [0, 5], [2, 8], [24, 0], [34, 4], [19, 10], [18, 10], [33, 2], [36, 4], [7, 2], [19, 4], [17, 7], [29, 3], [15, 9], [34, 4], [12, 6], [34, 7], [28, 5], [29, 0], [24, 4], [35, 2], [9, 6], [24, 7], [18, 8], [27, 2], [23, 5], [20, 9], [22, 6], [2, 3], [14, 2], [24, 2], [18, 4], [35, 5], [2, 7], [25, 1], [22, 4], [22, 7], [18, 3], [12, 7], [27, 7], [9, 7], [4, 10], [1, 8], [6, 3], [26, 1], [3, 4], [8, 7], [13, 8], [39, 6], [0, 7], [7, 6], [28, 5], [27, 1], [9, 4], [33, 2], [31, 3], [11, 3], [14, 4], [2, 8], [6, 4], [27, 9], [38, 5], [24, 7], [19, 4], [21, 9], [9, 8], [7, 1], [35, 7], [24, 3], [20, 7], [15, 5], [6, 5], [29, 8], [6, 7], [21, 9], [22, 1], [24, 8], [5, 0], [9, 8], [20, 1], [32, 1], [24, 0], [6, 5], [12, 3], [37, 4], [24, 3], [6, 1]]
 output
 [ 94.96483276  96.62296547  96.51883037  94.80447867  96.74295047
  97.03114686  95.89703775  95.670784    93.9549351   95.55885727
  93.57129071  96.20345497  96.63797619  96.87611684  96.88230992
  96.99369949  97.67540699  96.69977952  93.59137986 102.92391054
  96.60559961  96.46838979  97.31603048  95.50242045 102.52877365
  96.63304406  94.87864095  96.69977952  96.8656737   96.92324924
  96.8131256   96.60974025  97.99865081  96.65658987  97.85137893
  97.95882835 103.66391671  96.74474929  94.83861872 102.40969332
  92.36971984  96.70146074  98.50711114  93.44744285  93.5774792
  96.41727378  97.04554629  97.52260529  97.4579629   93.81129119
 101.63203988  97.73100721  96.84024709  96.53951655  95.670784
  96.92349664  97.3605426   97.10584353  97.14456046  97.18642096
  95.87798909  96.74443046  96.85774223  97.99244664  96.8131256
  96.10570883  98.35444201  96.60559961  96.74606643  97.18853015
  97.13188899  96.99369949  97.73046138  96.87611684  96.78387133
  97.95882835  95.50242045  94.83638317  94.44683118  97.27895387
  96.76910868  97.97662378  96.62267231  95.77415004  97.70716553
  97.47629319  97.74534901  94.83638317  96.05068065  94.74082257
  97.03114686  94.44683118  88.54511385  96.62236584  97.67540699
  97.70716553  96.84052305  96.40043859  97.97662378  96.92341235]
最小値:88.54511385467501
入力値:[20, 1]
経過時間:1074.865109205246sec
num_evaluation of BBF = 100.0
 input
[[7, 9], [37, 5], [13, 2], [6, 10], [0, 10], [5, 0], [5, 9], [4, 10], [8, 10], [13, 10], [9, 10], [10, 10], [32, 5], [27, 9], [0, 5], [2, 8], [24, 0], [34, 4], [19, 10], [18, 10], [33, 2], [36, 4], [7, 2], [19, 4], [17, 7], [29, 3], [15, 9], [34, 4], [12, 6], [34, 7], [28, 5], [29, 0], [24, 4], [35, 2], [9, 6], [24, 7], [18, 8], [27, 2], [23, 5], [20, 9], [22, 6], [2, 3], [14, 2], [24, 2], [18, 4], [35, 5], [2, 7], [25, 1], [22, 4], [22, 7], [18, 3], [12, 7], [27, 7], [9, 7], [4, 10], [1, 8], [6, 3], [26, 1], [3, 4], [8, 7], [13, 8], [39, 6], [0, 7], [7, 6], [28, 5], [27, 1], [9, 4], [33, 2], [31, 3], [11, 3], [14, 4], [2, 8], [6, 4], [27, 9], [38, 5], [24, 7], [19, 4], [21, 9], [9, 8], [7, 1], [35, 7], [24, 3], [20, 7], [15, 5], [6, 5], [29, 8], [6, 7], [21, 9], [22, 1], [24, 8], [5, 0], [9, 8], [20, 1], [32, 1], [24, 0], [6, 5], [12, 3], [37, 4], [24, 3], [6, 1], [28, 5], [29, 0], [24, 4], [35, 2], [9, 6], [24, 7], [18, 8], [27, 2], [23, 5], [20, 9], [22, 6], [2, 3], [14, 2], [24, 2], [18, 4], [35, 5], [2, 7], [25, 1], [22, 4], [16, 6], [20, 5], [5, 8], [12, 1], [15, 8], [11, 7], [5, 5], [28, 8], [24, 3], [18, 10], [13, 8], [24, 6], [4, 8], [1, 9], [0, 2], [39, 5], [28, 4], [21, 5], [13, 6], [38, 10], [11, 0], [15, 7], [31, 8], [13, 1], [5, 6], [15, 7], [26, 2], [13, 9], [21, 3], [38, 3], [9, 5]]
 output
 [ 94.96483276  96.62296547  96.51883037  94.80447867  96.74295047
  97.03114686  95.89703775  95.670784    93.9549351   95.55885727
  93.57129071  96.20345497  96.63797619  96.87611684  96.88230992
  96.99369949  97.67540699  96.69977952  93.59137986 102.92391054
  96.60559961  96.46838979  97.31603048  95.50242045 102.52877365
  96.63304406  94.87864095  96.69977952  96.8656737   96.92324924
  96.8131256   96.60974025  97.99865081  96.65658987  97.85137893
  97.95882835 103.66391671  96.74474929  94.83861872 102.40969332
  92.36971984  96.70146074  98.50711114  93.44744285  93.5774792
  96.41727378  97.04554629  97.52260529  97.4579629   93.81129119
 101.63203988  97.73100721  96.84024709  96.53951655  95.670784
  96.92349664  97.3605426   97.10584353  97.14456046  97.18642096
  95.87798909  96.74443046  96.85774223  97.99244664  96.8131256
  96.10570883  98.35444201  96.60559961  96.74606643  97.18853015
  97.13188899  96.99369949  97.73046138  96.87611684  96.78387133
  97.95882835  95.50242045  94.83638317  94.44683118  97.27895387
  96.76910868  97.97662378  96.62267231  95.77415004  97.70716553
  97.47629319  97.74534901  94.83638317  96.05068065  94.74082257
  97.03114686  94.44683118  88.54511385  96.62236584  97.67540699
  97.70716553  96.84052305  96.40043859  97.97662378  96.92341235
  96.8131256   96.60974025  97.99865081  96.65658987  97.85137893
  97.95882835 103.66391671  96.74474929  94.83861872 102.40969332
  92.36971984  96.70146074  98.50711114  93.44744285  93.5774792
  96.41727378  97.04554629  97.52260529  97.4579629   94.7998424
  96.01497107  96.89219272  97.71122475  92.15703058  95.34991532
  97.60872058  96.69043696  97.97662378 102.92391054  95.87798909
  94.09308795  96.98538633  96.6005924   96.6881569   96.79698011
  96.44879485  93.66135181  97.20586443  96.85685456  96.83249285
  96.83333464  97.457361    97.39685041  97.54076172  96.83333464
  97.37277219  95.64693924  96.0353579   96.50069837  98.21502456]
最小値:88.54511385467501
入力値:[20, 1]
経過時間:275.42261815071106sec
num_evaluation of BBF = 150.0