
 input_history 
[[0, 3], [3, 7], [9, 3], [21, 2], [36, 7], [6, 8], [24, 10], [1, 6], [39, 7], [24, 1]]
最小値:96.517439871551
入力値:[6, 8]
経過時間:54.44583082199097sec
num_evaluation of BBF = 10.0
 input_history 
[[38, 7], [23, 8], [17, 5], [25, 8], [9, 4], [16, 3], [5, 0], [18, 3], [24, 1], [29, 3], [19, 7], [32, 1], [9, 9], [32, 10], [23, 3], [11, 2], [28, 2], [0, 0], [36, 5], [5, 6]]
最小値:93.07477704500839
入力値:[16, 3]
経過時間:110.73556780815125sec
num_evaluation of BBF = 30.0
 input_history 
[[35, 2], [28, 2], [0, 0], [36, 5], [5, 6], [17, 4], [31, 8], [1, 1], [39, 9], [35, 6], [11, 2], [27, 0], [14, 3], [12, 9], [20, 4], [6, 4], [3, 4], [14, 4], [35, 10], [23, 5]]
最小値:93.07477704500839
入力値:[16, 3]
経過時間:108.27301740646362sec
num_evaluation of BBF = 50.0
 input_history 
[[20, 4], [6, 4], [3, 4], [14, 4], [35, 10], [23, 5], [21, 0], [5, 9], [35, 0], [31, 5], [30, 0], [36, 2], [29, 3], [34, 10], [13, 0], [39, 5], [9, 0], [10, 2], [23, 2], [34, 3], [30, 3], [18, 3], [20, 1], [27, 9], [1, 4], [10, 6], [11, 2], [16, 0], [0, 6], [19, 10], [13, 8], [2, 3], [30, 2], [13, 0], [8, 3], [31, 8], [26, 2], [3, 0], [4, 3], [11, 6], [13, 9], [11, 8], [16, 8], [29, 5], [25, 0], [19, 1], [32, 4], [6, 5], [31, 7], [24, 9]]
最小値:88.54511385467501
入力値:[20, 1]
経過時間:280.25597500801086sec
num_evaluation of BBF = 100.0
 input_history 
[[2, 3], [30, 2], [13, 0], [8, 3], [31, 8], [26, 2], [3, 0], [4, 3], [11, 6], [13, 9], [11, 8], [16, 8], [29, 5], [25, 0], [19, 1], [32, 4], [6, 5], [31, 7], [24, 9], [18, 8], [15, 6], [29, 9], [1, 6], [24, 8], [3, 2], [3, 10], [12, 6], [35, 6], [5, 7], [32, 8], [20, 10], [37, 8], [2, 3], [25, 7], [20, 5], [29, 3], [35, 7], [9, 9], [23, 3], [26, 2], [3, 9], [10, 7], [39, 5], [33, 2], [34, 8], [33, 5], [36, 0], [11, 2], [5, 5], [16, 8]]
最小値:88.54511385467501
入力値:[20, 1]
経過時間:276.88851833343506sec
num_evaluation of BBF = 150.0
 input_history 
[[37, 8], [9, 5], [15, 0], [16, 1], [12, 7], [6, 9], [20, 5], [18, 4], [11, 10], [28, 2]]
最小値:93.54799015758923
入力値:[16, 1]
経過時間:55.735146284103394sec
num_evaluation of BBF = 10.0
 input_history 
[[37, 2], [20, 10], [28, 2], [4, 7], [23, 9], [30, 0], [22, 9], [9, 7], [22, 9], [1, 0], [17, 8], [24, 3], [8, 7], [3, 6], [21, 1], [3, 4], [24, 1], [12, 10], [16, 3], [18, 0]]
最小値:92.50214612274466
入力値:[20, 10]
経過時間:112.22011709213257sec
num_evaluation of BBF = 30.0
 input_history 
[[30, 7], [3, 6], [21, 1], [3, 4], [24, 1], [12, 10], [16, 3], [18, 0], [4, 9], [34, 7], [7, 10], [25, 8], [22, 9], [3, 7], [23, 4], [27, 5], [19, 6], [8, 0], [34, 10], [23, 7]]
最小値:92.10962004043134
入力値:[23, 7]
経過時間:111.49267244338989sec
num_evaluation of BBF = 50.0
 input_history 
[[37, 9], [19, 6], [8, 0], [34, 10], [23, 7], [25, 7], [28, 10], [32, 8], [23, 7], [1, 1], [13, 3], [0, 8], [13, 6], [21, 6], [2, 5], [11, 7], [13, 8], [11, 4], [30, 4], [39, 7], [4, 9], [18, 0], [13, 10], [23, 1], [7, 9], [24, 10], [28, 4], [32, 1], [30, 9], [24, 2], [33, 2], [28, 7], [34, 10], [32, 9], [18, 6], [6, 2], [7, 7], [15, 5], [17, 10], [20, 6], [22, 5], [13, 1], [33, 5], [20, 10], [32, 7], [25, 5], [39, 0], [19, 9], [14, 4], [6, 8]]
最小値:92.10962004043134
入力値:[23, 7]
経過時間:276.84952306747437sec
num_evaluation of BBF = 100.0
 input_history 
[[20, 6], [22, 5], [13, 1], [33, 5], [20, 10], [32, 7], [25, 5], [39, 0], [19, 9], [14, 4], [6, 8], [15, 8], [9, 2], [7, 5], [5, 4], [37, 8], [21, 8], [13, 1], [13, 8], [14, 7], [16, 10], [3, 4], [2, 0], [29, 3], [29, 1], [2, 4], [19, 0], [32, 7], [18, 10], [8, 3], [32, 8], [20, 2], [15, 9], [0, 3], [24, 1], [20, 3], [19, 10], [22, 7], [35, 5], [34, 4], [36, 0], [19, 3], [24, 3], [37, 6], [39, 5], [15, 1], [23, 0], [10, 2], [24, 2], [30, 1]]
最小値:92.10962004043134
入力値:[23, 7]
経過時間:2415.8922595977783sec
num_evaluation of BBF = 150.0
 input_history 
[[15, 8], [22, 2], [11, 8], [7, 2], [31, 5], [31, 10], [20, 4], [37, 7], [3, 6], [4, 10]]
最小値:92.15703058210372
入力値:[15, 8]
経過時間:60.376917123794556sec
num_evaluation of BBF = 10.0
 input_history 
[[37, 7], [3, 6], [4, 10], [39, 6], [33, 10], [3, 5], [24, 4], [6, 3], [31, 2], [16, 4], [12, 2], [4, 10], [15, 1], [39, 8], [15, 9], [8, 7], [17, 6], [9, 9], [26, 3], [32, 0]]
最小値:92.15703058210372
入力値:[15, 8]
経過時間:148.3083839416504sec
num_evaluation of BBF = 30.0
 input_history 
[[8, 2], [15, 9], [8, 7], [17, 6], [9, 9], [26, 3], [32, 0], [26, 2], [8, 10], [34, 9], [37, 6], [22, 6], [19, 8], [18, 1], [4, 8], [17, 6], [37, 1], [18, 4], [26, 7], [22, 4]]
最小値:89.1312603818281
入力値:[19, 8]
経過時間:163.7085783481598sec
num_evaluation of BBF = 50.0
 input_history 
[[6, 3], [18, 1], [4, 8], [17, 6], [37, 1], [18, 4], [26, 7], [22, 4], [37, 10], [8, 10], [35, 0], [16, 5], [21, 0], [6, 10], [37, 1], [15, 10], [39, 4], [22, 1], [36, 10], [27, 0], [28, 4], [11, 2], [9, 7], [18, 1], [15, 0], [39, 1], [9, 0], [16, 5], [34, 5], [19, 3], [33, 8], [22, 8], [11, 1], [5, 7], [16, 9], [28, 10], [17, 5], [31, 2], [16, 10], [36, 6], [19, 1], [8, 5], [9, 5], [36, 2], [39, 8], [39, 3], [26, 4], [38, 3], [8, 5], [27, 3]]
最小値:89.1312603818281
入力値:[19, 8]
経過時間:224.09656143188477sec
num_evaluation of BBF = 100.0
 input_history 
[[19, 3], [33, 8], [22, 8], [11, 1], [5, 7], [16, 9], [28, 10], [17, 5], [31, 2], [16, 10], [36, 6], [19, 1], [8, 5], [9, 5], [36, 2], [39, 8], [39, 3], [26, 4], [38, 3], [8, 5], [27, 3], [15, 2], [22, 5], [5, 2], [37, 6], [5, 0], [5, 4], [26, 3], [39, 5], [25, 4], [15, 5], [18, 6], [29, 0], [5, 7], [33, 6], [7, 0], [18, 4], [26, 0], [6, 6], [24, 6], [21, 1], [21, 9], [36, 9], [19, 4], [34, 10], [12, 4], [39, 5], [1, 3], [28, 7], [36, 5]]
最小値:89.1312603818281
入力値:[19, 8]
経過時間:232.30978178977966sec
num_evaluation of BBF = 150.0