
BO_ratio_matrix = 
[[99.3569354  98.4924674  96.99188256]
 [95.35542767 97.07860533 96.59583745]
 [95.35542767 95.13586356 95.35542767]
 [95.35542767 95.13586356 91.40719723]
 [95.08692055 95.13586356 91.40719723]]
RS_ratio_matrix = 
[[99.63721632 96.57178375 95.13586356]
 [96.08327476 95.49213443 95.13586356]
 [96.08327476 95.08692055 92.01229004]
 [91.40719723 95.08692055 92.01229004]
 [91.40719723 95.08692055 92.01229004]]
Mean Accumulated PREC(%) 3 times; BBF=[ 10.  30.  50. 100. 150.]
BO_vec=array([98.28042845, 96.34329015, 95.28223963, 93.96616282, 93.87666045])
RS_vec=array([97.11495454, 95.57042425, 94.39416178, 92.83546927, 92.83546927])
Median Accumulated PREC(%) 3 times; BBF=[ 10.  30.  50. 100. 150.]
BO_vec=array([98.4924674 , 96.59583745, 95.35542767, 95.13586356, 95.08692055])
RS_vec=array([96.57178375, 95.49213443, 95.08692055, 92.01229004, 92.01229004])
Min Accumulated PREC(%) 3 times; BBF=[ 10.  30.  50. 100. 150.]
BO_vec=array([96.99188256, 95.35542767, 95.13586356, 91.40719723, 91.40719723])
RS_vec=array([95.13586356, 95.13586356, 92.01229004, 91.40719723, 91.40719723])
Max Accumulated PREC(%) 3 times; BBF=[ 10.  30.  50. 100. 150.]
BO_vec=array([99.3569354 , 97.07860533, 95.35542767, 95.35542767, 95.13586356])
RS_vec=array([99.63721632, 96.08327476, 96.08327476, 95.08692055, 95.08692055])