
BO_ratio_matrix = 
[[98.54819043 99.15146392 98.23369474 95.30085448 98.23662259 98.36345475
  98.86241027 98.76817456 98.58084185 97.32103091]
 [98.54819043 98.17363003 98.23369474 95.30085448 98.23662259 98.36345475
  98.65584979 98.76817456 98.52692712 96.40032382]
 [98.54819043 97.29816589 98.20287863 95.30085448 97.38901406 96.46798641
  92.79929839 97.6817025  98.52692712 96.40032382]
 [95.49213443 95.53198194 97.27645488 95.30085448 97.29816589 96.46798641
  92.79929839 97.6817025  98.52692712 96.40032382]
 [95.49213443 95.53198194 97.27645488 95.30085448 96.59583745 96.46798641
  92.79929839 96.59583745 96.59583745 92.01229004]
 [95.49213443 91.22213764 97.27645488 95.30085448 96.59583745 96.46798641
  92.79929839 96.59583745 96.59583745 92.01229004]]
RS_ratio_matrix = 
[[98.94532251 96.57178375 98.96878648 99.10041346 98.58426949 97.49967841
  98.94718538 98.92031207 98.7385781  99.37852925]
 [98.94532251 96.57178375 95.13586356 99.10041346 98.58426949 97.49967841
  98.94718538 98.4997029  98.7385781  99.06193162]
 [97.87114119 96.57178375 95.13586356 98.5704308  98.58426949 91.22213764
  98.94718538 98.4997029  98.61359899 98.59043276]
 [96.46798641 95.49213443 95.13586356 97.61959676 98.58250524 91.22213764
  95.98504197 98.34923587 97.6817025  97.27645488]
 [95.49213443 95.49213443 95.13586356 97.61959676 98.42485689 91.22213764
  95.98504197 98.18857656 97.6817025  97.26888718]
 [95.49213443 95.49213443 95.13586356 97.61959676 98.42485689 91.22213764
  95.98504197 96.09330899 97.6817025  96.57178375]]
Mean Accumulated PREC(%) 10 times; BBF=[ 15.  30.  50. 100. 150. 200.]
BO_vec=array([98.13667385, 97.92077223, 96.86153417, 96.27758299, 95.46685129,
       95.03586686])
RS_vec=array([98.56548589, 98.10847292, 97.26065465, 96.38126592, 96.25109319,
       95.97185609])
Median Accumulated PREC(%) 10 times; BBF=[ 15.  30.  50. 100. 150. 200.]
BO_vec=array([98.45582259, 98.30003867, 97.34358998, 96.43415511, 95.99998418,
       95.98006042])
RS_vec=array([98.93281729, 98.66142379, 98.53506685, 96.87222064, 96.62696457,
       96.03917548])
Min Accumulated PREC(%) 10 times; BBF=[ 15.  30.  50. 100. 150. 200.]
BO_vec=array([95.30085448, 95.30085448, 92.79929839, 92.79929839, 92.01229004,
       91.22213764])
RS_vec=array([96.57178375, 95.13586356, 91.22213764, 91.22213764, 91.22213764,
       91.22213764])
Max Accumulated PREC(%) 10 times; BBF=[ 15.  30.  50. 100. 150. 200.]
BO_vec=array([99.15146392, 98.76817456, 98.54819043, 98.52692712, 97.27645488,
       97.27645488])
RS_vec=array([99.37852925, 99.10041346, 98.94718538, 98.58250524, 98.42485689,
       98.42485689])