
 input
[[23, 81], [33, 81], [24, 37], [12, 5], [11, 46], [32, 46], [15, 80], [13, 62], [14, 92], [5, 84], [35, 20], [38, 0], [39, 70], [0, 19], [1, 39]]
 output
 [0.99988132 1.00070105 1.00280176 0.99887943 1.000942   0.99896448
 0.99964327 0.99972445 0.99933479 0.99944888 1.00347715 0.99983005
 1.00020065 0.99772555 0.99938374]
最小値:0.9977255479648369
入力値:[0, 19]
経過時間:66.57796835899353sec
num_evaluation of BBF = 15.0重複回数: 0
 input
[[23, 81], [33, 81], [24, 37], [12, 5], [11, 46], [32, 46], [15, 80], [13, 62], [14, 92], [5, 84], [35, 20], [38, 0], [39, 70], [0, 19], [1, 39], [23, 37], [0, 1], [38, 96], [0, 66], [0, 96], [28, 60], [24, 0], [14, 19], [17, 0], [0, 28], [25, 6], [26, 9], [30, 5], [27, 53], [24, 5]]
 output
 [0.99988132 1.00070105 1.00280176 0.99887943 1.000942   0.99896448
 0.99964327 0.99972445 0.99933479 0.99944888 1.00347715 0.99983005
 1.00020065 0.99772555 0.99938374 1.00364136 0.99984447 1.00020434
 1.00004503 1.00025108 1.00052603 0.9978887  1.00358393 0.9950835
 1.00159601 0.9873903  0.99693082 1.0063242  1.00068739 1.01166186]
最小値:0.9873902964214252
入力値:[25, 6]
経過時間:62.48376822471619sec
num_evaluation of BBF = 30.0重複回数: 0
 input
[[23, 81], [33, 81], [24, 37], [12, 5], [11, 46], [32, 46], [15, 80], [13, 62], [14, 92], [5, 84], [35, 20], [38, 0], [39, 70], [0, 19], [1, 39], [23, 37], [0, 1], [38, 96], [0, 66], [0, 96], [28, 60], [24, 0], [14, 19], [17, 0], [0, 28], [25, 6], [26, 9], [30, 5], [27, 53], [24, 5], [33, 47], [22, 33], [20, 48], [14, 86], [5, 94], [18, 43], [2, 30], [8, 89], [38, 37], [11, 60], [22, 95], [36, 16], [2, 11], [9, 45], [38, 52], [36, 13], [16, 0], [7, 1], [25, 8], [19, 95]]
 output
 [0.99988132 1.00070105 1.00280176 0.99887943 1.000942   0.99896448
 0.99964327 0.99972445 0.99933479 0.99944888 1.00347715 0.99983005
 1.00020065 0.99772555 0.99938374 1.00364136 0.99984447 1.00020434
 1.00004503 1.00025108 1.00052603 0.9978887  1.00358393 0.9950835
 1.00159601 0.9873903  0.99693082 1.0063242  1.00068739 1.01166186
 0.99896772 1.0016763  0.99891658 0.99933041 1.0002273  1.00016177
 0.99895102 0.99904099 1.00055155 0.99961188 1.00010007 1.00734591
 1.00427411 1.00145762 0.99975039 1.00955075 0.99704106 1.00016657
 0.98658226 1.00019731]
最小値:0.9865822604194451
入力値:[25, 8]
経過時間:85.49992227554321sec
num_evaluation of BBF = 50.0重複回数: 0
 input
[[23, 81], [33, 81], [24, 37], [12, 5], [11, 46], [32, 46], [15, 80], [13, 62], [14, 92], [5, 84], [35, 20], [38, 0], [39, 70], [0, 19], [1, 39], [23, 37], [0, 1], [38, 96], [0, 66], [0, 96], [28, 60], [24, 0], [14, 19], [17, 0], [0, 28], [25, 6], [26, 9], [30, 5], [27, 53], [24, 5], [33, 47], [22, 33], [20, 48], [14, 86], [5, 94], [18, 43], [2, 30], [8, 89], [38, 37], [11, 60], [22, 95], [36, 16], [2, 11], [9, 45], [38, 52], [36, 13], [16, 0], [7, 1], [25, 8], [19, 95], [4, 1], [21, 96], [6, 96], [10, 96], [3, 96], [34, 96], [31, 95], [25, 12], [17, 7], [25, 4], [9, 27], [22, 17], [0, 73], [39, 73], [38, 67], [0, 56], [1, 76], [38, 57], [0, 67], [39, 77], [39, 86], [0, 54], [39, 29], [39, 64], [25, 7], [39, 26], [32, 35], [1, 43], [1, 73], [2, 57], [15, 5], [38, 87], [0, 78], [0, 51], [39, 69], [0, 25], [0, 32], [0, 88], [0, 62], [39, 24], [39, 41], [0, 82], [38, 51], [39, 32], [0, 71], [39, 63], [39, 89], [39, 76], [0, 41], [0, 24]]
 output
 [0.99988132 1.00070105 1.00280176 0.99887943 1.000942   0.99896448
 0.99964327 0.99972445 0.99933479 0.99944888 1.00347715 0.99983005
 1.00020065 0.99772555 0.99938374 1.00364136 0.99984447 1.00020434
 1.00004503 1.00025108 1.00052603 0.9978887  1.00358393 0.9950835
 1.00159601 0.9873903  0.99693082 1.0063242  1.00068739 1.01166186
 0.99896772 1.0016763  0.99891658 0.99933041 1.0002273  1.00016177
 0.99895102 0.99904099 1.00055155 0.99961188 1.00010007 1.00734591
 1.00427411 1.00145762 0.99975039 1.00955075 0.99704106 1.00016657
 0.98658226 1.00019731 0.99993031 1.00024234 1.00032746 1.00035186
 1.00030047 1.00011324 0.99993783 1.02124219 1.0248817  1.00673302
 1.00098699 1.0224984  1.00006631 1.00021021 1.00032599 0.99995447
 0.99994153 1.00000238 1.0000503  1.00021485 1.0004101  0.99990933
 0.99581061 1.00013965 0.9999056  1.00052161 0.99999023 0.99961808
 0.99993039 1.00000155 0.99891748 1.00065671 1.00008036 0.99976651
 1.00019344 0.99643209 0.99871643 1.00020544 1.00001727 1.00128034
 0.99954504 1.0001035  0.99972697 1.00006236 1.00006251 1.0001226
 1.00051613 1.00021394 1.00023863 0.99698571]
最小値:0.9865822604194451
入力値:[25, 8]
経過時間:251.51780891418457sec
num_evaluation of BBF = 100.0重複回数: 0
 input
[[23, 81], [33, 81], [24, 37], [12, 5], [11, 46], [32, 46], [15, 80], [13, 62], [14, 92], [5, 84], [35, 20], [38, 0], [39, 70], [0, 19], [1, 39], [23, 37], [0, 1], [38, 96], [0, 66], [0, 96], [28, 60], [24, 0], [14, 19], [17, 0], [0, 28], [25, 6], [26, 9], [30, 5], [27, 53], [24, 5], [33, 47], [22, 33], [20, 48], [14, 86], [5, 94], [18, 43], [2, 30], [8, 89], [38, 37], [11, 60], [22, 95], [36, 16], [2, 11], [9, 45], [38, 52], [36, 13], [16, 0], [7, 1], [25, 8], [19, 95], [4, 1], [21, 96], [6, 96], [10, 96], [3, 96], [34, 96], [31, 95], [25, 12], [17, 7], [25, 4], [9, 27], [22, 17], [0, 73], [39, 73], [38, 67], [0, 56], [1, 76], [38, 57], [0, 67], [39, 77], [39, 86], [0, 54], [39, 29], [39, 64], [25, 7], [39, 26], [32, 35], [1, 43], [1, 73], [2, 57], [15, 5], [38, 87], [0, 78], [0, 51], [39, 69], [0, 25], [0, 32], [0, 88], [0, 62], [39, 24], [39, 41], [0, 82], [38, 51], [39, 32], [0, 71], [39, 63], [39, 89], [39, 76], [0, 41], [0, 24], [38, 56], [0, 49], [0, 31], [39, 83], [2, 67], [39, 23], [39, 90], [39, 59], [39, 40], [9, 81], [39, 74], [30, 13], [9, 73], [35, 0], [0, 34], [39, 50], [37, 28], [1, 23], [1, 64], [0, 90], [39, 43], [39, 81], [26, 91], [1, 54], [39, 0], [17, 9], [20, 72], [16, 54], [9, 35], [29, 71], [21, 65], [29, 28], [13, 68], [2, 0], [9, 53], [1, 46], [0, 85], [0, 60], [0, 39], [4, 39], [20, 59], [26, 44], [21, 87], [15, 31], [26, 76], [29, 86], [31, 65], [6, 17], [13, 39], [39, 6]]
 output
 [0.99988132 1.00070105 1.00280176 0.99887943 1.000942   0.99896448
 0.99964327 0.99972445 0.99933479 0.99944888 1.00347715 0.99983005
 1.00020065 0.99772555 0.99938374 1.00364136 0.99984447 1.00020434
 1.00004503 1.00025108 1.00052603 0.9978887  1.00358393 0.9950835
 1.00159601 0.9873903  0.99693082 1.0063242  1.00068739 1.01166186
 0.99896772 1.0016763  0.99891658 0.99933041 1.0002273  1.00016177
 0.99895102 0.99904099 1.00055155 0.99961188 1.00010007 1.00734591
 1.00427411 1.00145762 0.99975039 1.00955075 0.99704106 1.00016657
 0.98658226 1.00019731 0.99993031 1.00024234 1.00032746 1.00035186
 1.00030047 1.00011324 0.99993783 1.02124219 1.0248817  1.00673302
 1.00098699 1.0224984  1.00006631 1.00021021 1.00032599 0.99995447
 0.99994153 1.00000238 1.0000503  1.00021485 1.0004101  0.99990933
 0.99581061 1.00013965 0.9999056  1.00052161 0.99999023 0.99961808
 0.99993039 1.00000155 0.99891748 1.00065671 1.00008036 0.99976651
 1.00019344 0.99643209 0.99871643 1.00020544 1.00001727 1.00128034
 0.99954504 1.0001035  0.99972697 1.00006236 1.00006251 1.0001226
 1.00051613 1.00021394 1.00023863 0.99698571 0.99995044 0.9996659
 0.99874168 1.00028228 0.99982506 0.99956516 1.00055906 1.00003504
 0.99979447 0.99948043 1.00021116 1.00677284 0.99946845 0.99852575
 0.99977496 0.99997376 0.99715473 1.00109583 0.99993866 1.00035036
 0.99917531 1.00021439 1.00050491 0.99995173 0.99987277 1.02328641
 0.99964399 1.00002023 0.99858201 1.00053851 0.9994547  1.01096829
 0.99964965 0.9998034  1.00024975 0.99995396 1.00017597 1.00000216
 0.99956862 0.99957721 0.99938502 1.0015305  0.99975989 1.00306916
 1.00008508 1.00076313 1.0009948  0.99868303 1.00211815 1.00039545]
最小値:0.9865822604194451
入力値:[25, 8]
経過時間:271.18030834198sec
num_evaluation of BBF = 150.0重複回数: 0
 input
[[23, 81], [33, 81], [24, 37], [12, 5], [11, 46], [32, 46], [15, 80], [13, 62], [14, 92], [5, 84], [35, 20], [38, 0], [39, 70], [0, 19], [1, 39], [23, 37], [0, 1], [38, 96], [0, 66], [0, 96], [28, 60], [24, 0], [14, 19], [17, 0], [0, 28], [25, 6], [26, 9], [30, 5], [27, 53], [24, 5], [33, 47], [22, 33], [20, 48], [14, 86], [5, 94], [18, 43], [2, 30], [8, 89], [38, 37], [11, 60], [22, 95], [36, 16], [2, 11], [9, 45], [38, 52], [36, 13], [16, 0], [7, 1], [25, 8], [19, 95], [4, 1], [21, 96], [6, 96], [10, 96], [3, 96], [34, 96], [31, 95], [25, 12], [17, 7], [25, 4], [9, 27], [22, 17], [0, 73], [39, 73], [38, 67], [0, 56], [1, 76], [38, 57], [0, 67], [39, 77], [39, 86], [0, 54], [39, 29], [39, 64], [25, 7], [39, 26], [32, 35], [1, 43], [1, 73], [2, 57], [15, 5], [38, 87], [0, 78], [0, 51], [39, 69], [0, 25], [0, 32], [0, 88], [0, 62], [39, 24], [39, 41], [0, 82], [38, 51], [39, 32], [0, 71], [39, 63], [39, 89], [39, 76], [0, 41], [0, 24], [38, 56], [0, 49], [0, 31], [39, 83], [2, 67], [39, 23], [39, 90], [39, 59], [39, 40], [9, 81], [39, 74], [30, 13], [9, 73], [35, 0], [0, 34], [39, 50], [37, 28], [1, 23], [1, 64], [0, 90], [39, 43], [39, 81], [26, 91], [1, 54], [39, 0], [17, 9], [20, 72], [16, 54], [9, 35], [29, 71], [21, 65], [29, 28], [13, 68], [2, 0], [9, 53], [1, 46], [0, 85], [0, 60], [0, 39], [4, 39], [20, 59], [26, 44], [21, 87], [15, 31], [26, 76], [29, 86], [31, 65], [6, 17], [13, 39], [39, 6], [15, 75], [32, 41], [8, 65], [8, 22], [18, 25], [0, 6], [32, 76], [32, 56], [12, 0], [7, 7], [7, 77], [33, 90], [22, 54], [25, 68], [26, 49], [14, 50], [0, 15], [20, 77], [7, 31], [6, 49], [6, 60], [7, 69], [30, 0], [9, 13], [32, 51], [18, 83], [34, 61], [18, 90], [18, 68], [28, 81], [17, 36], [29, 22], [25, 63], [27, 96], [13, 57], [39, 46], [34, 71], [8, 41], [25, 57], [17, 63], [15, 96], [34, 8], [10, 85], [5, 35], [34, 31], [22, 28], [29, 38], [11, 16], [7, 56], [5, 26]]
 output
 [0.99988132 1.00070105 1.00280176 0.99887943 1.000942   0.99896448
 0.99964327 0.99972445 0.99933479 0.99944888 1.00347715 0.99983005
 1.00020065 0.99772555 0.99938374 1.00364136 0.99984447 1.00020434
 1.00004503 1.00025108 1.00052603 0.9978887  1.00358393 0.9950835
 1.00159601 0.9873903  0.99693082 1.0063242  1.00068739 1.01166186
 0.99896772 1.0016763  0.99891658 0.99933041 1.0002273  1.00016177
 0.99895102 0.99904099 1.00055155 0.99961188 1.00010007 1.00734591
 1.00427411 1.00145762 0.99975039 1.00955075 0.99704106 1.00016657
 0.98658226 1.00019731 0.99993031 1.00024234 1.00032746 1.00035186
 1.00030047 1.00011324 0.99993783 1.02124219 1.0248817  1.00673302
 1.00098699 1.0224984  1.00006631 1.00021021 1.00032599 0.99995447
 0.99994153 1.00000238 1.0000503  1.00021485 1.0004101  0.99990933
 0.99581061 1.00013965 0.9999056  1.00052161 0.99999023 0.99961808
 0.99993039 1.00000155 0.99891748 1.00065671 1.00008036 0.99976651
 1.00019344 0.99643209 0.99871643 1.00020544 1.00001727 1.00128034
 0.99954504 1.0001035  0.99972697 1.00006236 1.00006251 1.0001226
 1.00051613 1.00021394 1.00023863 0.99698571 0.99995044 0.9996659
 0.99874168 1.00028228 0.99982506 0.99956516 1.00055906 1.00003504
 0.99979447 0.99948043 1.00021116 1.00677284 0.99946845 0.99852575
 0.99977496 0.99997376 0.99715473 1.00109583 0.99993866 1.00035036
 0.99917531 1.00021439 1.00050491 0.99995173 0.99987277 1.02328641
 0.99964399 1.00002023 0.99858201 1.00053851 0.9994547  1.01096829
 0.99964965 0.9998034  1.00024975 0.99995396 1.00017597 1.00000216
 0.99956862 0.99957721 0.99938502 1.0015305  0.99975989 1.00306916
 1.00008508 1.00076313 1.0009948  0.99868303 1.00211815 1.00039545
 0.99964535 0.99884676 0.99950626 1.00115909 1.00464936 1.00061802
 1.00077855 1.0005131  0.99997727 1.0041731  0.999483   1.00122547
 0.99907236 0.99982175 1.00097002 0.9998076  0.99834581 0.99971489
 0.9992704  1.00067435 0.99985151 0.99947987 0.99987746 0.99682366
 0.99997334 0.99965424 1.00069063 0.99949084 0.99964473 1.00034003
 0.99883298 1.00366427 0.99971294 1.00011563 0.99974213 0.99937547
 1.00086638 1.00104543 0.99964395 0.99967561 1.00034078 1.00411124
 0.99924082 0.99960635 0.99810925 0.99862879 1.00023203 0.9993395
 1.00014171 0.99989663]
最小値:0.9865822604194451
入力値:[25, 8]
経過時間:287.12124013900757sec
num_evaluation of BBF = 200.0重複回数: 0
 input
[[39, 90], [5, 96], [9, 38], [15, 64], [36, 81], [12, 50], [17, 22], [21, 88], [18, 41], [37, 75], [38, 0], [0, 11], [23, 0], [32, 34], [28, 96]]
 output
 [1.00055906 1.0003196  1.00015043 0.99973586 1.00056223 0.99995085
 0.99612635 0.99981148 1.00017055 1.00048607 0.99983005 1.00702918
 0.99999066 0.99868258 1.0001025 ]
最小値:0.9961263491506926
入力値:[17, 22]
経過時間:62.8625385761261sec
num_evaluation of BBF = 15.0重複回数: 0
 input
[[39, 90], [5, 96], [9, 38], [15, 64], [36, 81], [12, 50], [17, 22], [21, 88], [18, 41], [37, 75], [38, 0], [0, 11], [23, 0], [32, 34], [28, 96], [13, 0], [29, 0], [25, 96], [7, 0], [33, 96], [3, 0], [20, 1], [16, 12], [17, 24], [17, 20], [39, 18], [17, 26], [18, 20], [0, 32], [39, 30]]
 output
 [1.00055906 1.0003196  1.00015043 0.99973586 1.00056223 0.99995085
 0.99612635 0.99981148 1.00017055 1.00048607 0.99983005 1.00702918
 0.99999066 0.99868258 1.0001025  0.99954623 1.00066168 1.00015272
 1.00004459 1.00009896 0.99996163 1.00562911 1.01140322 0.9972531
 0.9967964  1.00768111 1.00029067 0.99666352 0.99871643 0.99789553]
最小値:0.9961263491506926
入力値:[17, 22]
経過時間:64.78606820106506sec
num_evaluation of BBF = 30.0重複回数: 0