
 input_history 
[[9, 15], [0, 28], [25, 93], [29, 8], [9, 0], [36, 16], [36, 11], [24, 62], [33, 72], [36, 78], [13, 69], [13, 25], [13, 92], [22, 30], [30, 89]]
最小値:0.9960396290810926
入力値:[9, 15]
経過時間:63.89461708068848sec
num_evaluation of BBF = 15.0
 input_history 
[[33, 72], [36, 78], [13, 69], [13, 25], [13, 92], [22, 30], [30, 89], [12, 65], [31, 57], [36, 27], [18, 93], [13, 22], [23, 94], [11, 28], [10, 88]]
最小値:0.9956289554846134
入力値:[36, 27]
経過時間:61.12140083312988sec
num_evaluation of BBF = 30.0
 input_history 
[[23, 94], [11, 28], [10, 88], [9, 15], [18, 80], [7, 88], [11, 17], [7, 75], [28, 33], [20, 96], [24, 44], [5, 4], [7, 88], [24, 50], [34, 15], [13, 88], [15, 6], [21, 22], [11, 12], [28, 96]]
最小値:0.9860691493207491
入力値:[21, 22]
経過時間:80.64406132698059sec
num_evaluation of BBF = 50.0
 input_history 
[[6, 85], [22, 11], [12, 92], [32, 62], [15, 42], [33, 50], [25, 73], [37, 0], [18, 23], [3, 29], [16, 84], [18, 14], [15, 17], [25, 48], [17, 32], [17, 80], [26, 12], [30, 81], [17, 16], [0, 31], [37, 73], [0, 38], [22, 96], [2, 67], [31, 27], [18, 62], [13, 48], [29, 75], [22, 37], [11, 21], [33, 95], [24, 96], [37, 73], [37, 43], [26, 71], [8, 85], [8, 28], [30, 89], [25, 78], [17, 85], [13, 41], [33, 4], [23, 94], [28, 39], [27, 9], [7, 22], [32, 3], [9, 52], [12, 68], [30, 70]]
最小値:0.9808448701793046
入力値:[26, 12]
経過時間:197.8991575241089sec
num_evaluation of BBF = 100.0
 input_history 
[[24, 96], [37, 73], [37, 43], [26, 71], [8, 85], [8, 28], [30, 89], [25, 78], [17, 85], [13, 41], [33, 4], [23, 94], [28, 39], [27, 9], [7, 22], [32, 3], [9, 52], [12, 68], [30, 70], [10, 30], [9, 2], [1, 13], [11, 52], [5, 93], [20, 48], [34, 40], [32, 94], [22, 58], [5, 45], [18, 50], [1, 63], [13, 18], [27, 83], [37, 71], [24, 15], [6, 44], [9, 50], [0, 44], [4, 14], [4, 6], [9, 44], [36, 90], [38, 20], [9, 40], [16, 75], [39, 58], [17, 39], [33, 11], [14, 79], [21, 69]]
最小値:0.9808448701793046
入力値:[26, 12]
経過時間:203.51411128044128sec
num_evaluation of BBF = 150.0
 input_history 
[[0, 44], [4, 14], [4, 6], [9, 44], [36, 90], [38, 20], [9, 40], [16, 75], [39, 58], [17, 39], [33, 11], [14, 79], [21, 69], [13, 3], [31, 76], [23, 17], [29, 69], [20, 5], [6, 61], [16, 74], [4, 22], [19, 85], [9, 35], [35, 11], [18, 19], [17, 61], [10, 36], [0, 30], [21, 32], [17, 13], [3, 31], [32, 96], [38, 37], [15, 59], [39, 20], [31, 89], [0, 96], [25, 63], [2, 30], [17, 59], [6, 63], [22, 29], [7, 92], [19, 0], [7, 93], [23, 57], [16, 2], [34, 58], [12, 10], [15, 32]]
最小値:0.9613153794029654
入力値:[20, 5]
経過時間:210.37099194526672sec
num_evaluation of BBF = 200.0
 input_history 
[[25, 63], [16, 91], [17, 55], [13, 76], [33, 71], [18, 24], [28, 48], [32, 45], [4, 34], [12, 1], [10, 37], [39, 84], [17, 91], [24, 17], [3, 70]]
最小値:0.9809517531337092
入力値:[24, 17]
経過時間:61.75341081619263sec
num_evaluation of BBF = 15.0
 input_history 
[[27, 24], [17, 67], [6, 43], [0, 79], [32, 23], [27, 70], [25, 10], [27, 44], [14, 7], [15, 64], [27, 95], [5, 53], [7, 50], [35, 59], [1, 3]]
最小値:0.9809517531337092
入力値:[24, 17]
経過時間:62.232996702194214sec
num_evaluation of BBF = 30.0