
 input
[[23, 81], [33, 81], [24, 37], [12, 5], [11, 46], [32, 46], [15, 80], [13, 62], [14, 92], [5, 84], [0, 68], [38, 60], [39, 63], [0, 61], [24, 33]]
 output
 [96.50637926 96.50422517 96.46592033 96.55883583 96.49646554 96.50795113
 96.49722737 96.44668262 96.49627994 96.51023897 96.50615428 96.48166464
 96.50504013 96.50198527 96.50351987]
最小値:96.44668261924897
入力値:[13, 62]
経過時間:59.221412897109985sec
num_evaluation of BBF = 15.0
 input
[[23, 81], [33, 81], [24, 37], [12, 5], [11, 46], [32, 46], [15, 80], [13, 62], [14, 92], [5, 84], [0, 68], [38, 60], [39, 63], [0, 61], [24, 33], [0, 40], [39, 40], [24, 64], [20, 62], [5, 94], [2, 14], [2, 15], [13, 72], [1, 16], [1, 14], [12, 61], [3, 14], [5, 22], [4, 13], [3, 13]]
 output
 [96.50637926 96.50422517 96.46592033 96.55883583 96.49646554 96.50795113
 96.49722737 96.44668262 96.49627994 96.51023897 96.50615428 96.48166464
 96.50504013 96.50198527 96.50351987 96.45779425 96.54590179 96.4853022
 96.55065543 96.51017559 96.46597192 96.47436497 96.51382085 96.44938944
 96.48318182 96.51933477 96.41767727 96.55215078 96.41917337 96.48097868]
最小値:96.41767726841434
入力値:[3, 14]
経過時間:61.194607973098755sec
num_evaluation of BBF = 30.0
 input
[[23, 81], [33, 81], [24, 37], [12, 5], [11, 46], [32, 46], [15, 80], [13, 62], [14, 92], [5, 84], [0, 68], [38, 60], [39, 63], [0, 61], [24, 33], [0, 40], [39, 40], [24, 64], [20, 62], [5, 94], [2, 14], [2, 15], [13, 72], [1, 16], [1, 14], [12, 61], [3, 14], [5, 22], [4, 13], [3, 13], [5, 14], [5, 15], [4, 15], [31, 15], [0, 53], [39, 10], [38, 28], [39, 0], [39, 18], [39, 88], [38, 96], [39, 76], [39, 11], [39, 56], [39, 50], [0, 35], [17, 4], [17, 0], [22, 3], [39, 7]]
 output
 [96.50637926 96.50422517 96.46592033 96.55883583 96.49646554 96.50795113
 96.49722737 96.44668262 96.49627994 96.51023897 96.50615428 96.48166464
 96.50504013 96.50198527 96.50351987 96.45779425 96.54590179 96.4853022
 96.55065543 96.51017559 96.46597192 96.47436497 96.51382085 96.44938944
 96.48318182 96.51933477 96.41767727 96.55215078 96.41917337 96.48097868
 96.39884221 96.38637764 96.44418768 96.42324455 96.52668787 96.47346752
 96.57064966 96.54237302 96.49388891 96.49904185 96.5053232  96.49532923
 96.47384108 96.51509145 96.49146642 96.56173698 96.03763503 97.48317743
 96.50802409 96.53484162]
最小値:96.03763503466965
入力値:[17, 4]
経過時間:109.91146445274353sec
num_evaluation of BBF = 50.0
 input
[[23, 81], [33, 81], [24, 37], [12, 5], [11, 46], [32, 46], [15, 80], [13, 62], [14, 92], [5, 84], [0, 68], [38, 60], [39, 63], [0, 61], [24, 33], [0, 40], [39, 40], [24, 64], [20, 62], [5, 94], [2, 14], [2, 15], [13, 72], [1, 16], [1, 14], [12, 61], [3, 14], [5, 22], [4, 13], [3, 13], [5, 14], [5, 15], [4, 15], [31, 15], [0, 53], [39, 10], [38, 28], [39, 0], [39, 18], [39, 88], [38, 96], [39, 76], [39, 11], [39, 56], [39, 50], [0, 35], [17, 4], [17, 0], [22, 3], [39, 7], [0, 43], [0, 25], [39, 95], [16, 31], [35, 20], [5, 0], [39, 81], [2, 3], [38, 35], [25, 45], [13, 44], [20, 29], [30, 77], [16, 8], [3, 49], [5, 21], [17, 24], [25, 49], [34, 22], [21, 88], [19, 12], [39, 4], [38, 66], [1, 58], [18, 4], [5, 75], [12, 64], [31, 17], [31, 38], [19, 64], [2, 71], [2, 37], [27, 9], [31, 4], [14, 88], [34, 11], [27, 34], [37, 65], [2, 88], [34, 24], [9, 61], [25, 69], [28, 18], [10, 1], [26, 29], [33, 12], [4, 62], [27, 52], [30, 5], [38, 16]]
 output
 [96.50637926 96.50422517 96.46592033 96.55883583 96.49646554 96.50795113
 96.49722737 96.44668262 96.49627994 96.51023897 96.50615428 96.48166464
 96.50504013 96.50198527 96.50351987 96.45779425 96.54590179 96.4853022
 96.55065543 96.51017559 96.46597192 96.47436497 96.51382085 96.44938944
 96.48318182 96.51933477 96.41767727 96.55215078 96.41917337 96.48097868
 96.39884221 96.38637764 96.44418768 96.42324455 96.52668787 96.47346752
 96.57064966 96.54237302 96.49388891 96.49904185 96.5053232  96.49532923
 96.47384108 96.51509145 96.49146642 96.56173698 96.03763503 97.48317743
 96.50802409 96.53484162 96.49019328 96.47674672 96.48544232 96.49000105
 96.46646499 96.55609821 96.50239287 96.52199664 96.48280351 96.56332451
 96.46356392 96.50518174 96.50154014 96.58275503 96.51914277 96.59021096
 96.46749454 96.50143417 96.4705432  96.50212714 96.88516218 96.49219797
 96.51617737 96.47746368 95.84875766 96.49443858 96.54622827 96.55739827
 96.52967444 96.45060471 96.4825409  96.45173581 96.52574993 96.52169296
 96.50488589 96.506749   96.53014228 96.48971065 96.51901375 96.37091532
 96.51879721 96.50407116 96.57948239 96.53664358 96.51779884 96.38792273
 96.49786472 96.53852073 96.50985892 96.49729297]
最小値:95.84875765688167
入力値:[18, 4]
経過時間:212.25048184394836sec
num_evaluation of BBF = 100.0
 input
[[23, 81], [33, 81], [24, 37], [12, 5], [11, 46], [32, 46], [15, 80], [13, 62], [14, 92], [5, 84], [0, 68], [38, 60], [39, 63], [0, 61], [24, 33], [0, 40], [39, 40], [24, 64], [20, 62], [5, 94], [2, 14], [2, 15], [13, 72], [1, 16], [1, 14], [12, 61], [3, 14], [5, 22], [4, 13], [3, 13], [5, 14], [5, 15], [4, 15], [31, 15], [0, 53], [39, 10], [38, 28], [39, 0], [39, 18], [39, 88], [38, 96], [39, 76], [39, 11], [39, 56], [39, 50], [0, 35], [17, 4], [17, 0], [22, 3], [39, 7], [0, 43], [0, 25], [39, 95], [16, 31], [35, 20], [5, 0], [39, 81], [2, 3], [38, 35], [25, 45], [13, 44], [20, 29], [30, 77], [16, 8], [3, 49], [5, 21], [17, 24], [25, 49], [34, 22], [21, 88], [19, 12], [39, 4], [38, 66], [1, 58], [18, 4], [5, 75], [12, 64], [31, 17], [31, 38], [19, 64], [2, 71], [2, 37], [27, 9], [31, 4], [14, 88], [34, 11], [27, 34], [37, 65], [2, 88], [34, 24], [9, 61], [25, 69], [28, 18], [10, 1], [26, 29], [33, 12], [4, 62], [27, 52], [30, 5], [38, 16], [23, 37], [33, 84], [32, 78], [24, 81], [16, 55], [11, 23], [1, 66], [7, 61], [25, 14], [11, 60], [22, 95], [36, 16], [2, 11], [9, 45], [38, 52], [36, 13], [6, 82], [36, 82], [7, 55], [14, 32], [6, 61], [18, 39], [35, 61], [14, 12], [26, 24], [22, 19], [31, 83], [31, 84], [18, 48], [39, 90], [39, 86], [39, 26], [39, 42], [38, 74], [0, 57], [38, 70], [0, 91], [0, 79], [39, 93], [0, 73], [0, 27], [0, 6], [39, 59], [0, 47], [0, 30], [39, 67], [39, 54], [1, 51], [0, 41], [0, 85]]
 output
 [96.50637926 96.50422517 96.46592033 96.55883583 96.49646554 96.50795113
 96.49722737 96.44668262 96.49627994 96.51023897 96.50615428 96.48166464
 96.50504013 96.50198527 96.50351987 96.45779425 96.54590179 96.4853022
 96.55065543 96.51017559 96.46597192 96.47436497 96.51382085 96.44938944
 96.48318182 96.51933477 96.41767727 96.55215078 96.41917337 96.48097868
 96.39884221 96.38637764 96.44418768 96.42324455 96.52668787 96.47346752
 96.57064966 96.54237302 96.49388891 96.49904185 96.5053232  96.49532923
 96.47384108 96.51509145 96.49146642 96.56173698 96.03763503 97.48317743
 96.50802409 96.53484162 96.49019328 96.47674672 96.48544232 96.49000105
 96.46646499 96.55609821 96.50239287 96.52199664 96.48280351 96.56332451
 96.46356392 96.50518174 96.50154014 96.58275503 96.51914277 96.59021096
 96.46749454 96.50143417 96.4705432  96.50212714 96.88516218 96.49219797
 96.51617737 96.47746368 95.84875766 96.49443858 96.54622827 96.55739827
 96.52967444 96.45060471 96.4825409  96.45173581 96.52574993 96.52169296
 96.50488589 96.506749   96.53014228 96.48971065 96.51901375 96.37091532
 96.51879721 96.50407116 96.57948239 96.53664358 96.51779884 96.38792273
 96.49786472 96.53852073 96.50985892 96.49729297 96.54398532 96.49296146
 96.49920057 96.50444111 96.5191155  96.45338531 96.5093048  96.49629528
 96.55238346 96.50771337 96.51770616 96.50181072 96.49883662 96.49911819
 96.49105406 96.54298664 96.50584195 96.50265483 96.47182288 96.51005058
 96.50566715 96.51127753 96.49331673 96.3606268  96.49029836 96.54407727
 96.49643702 96.4975271  96.48867856 96.5108095  96.49961556 96.51093269
 96.53684117 96.51623316 96.50870727 96.51278366 96.53274154 96.4970874
 96.54164811 96.49695351 96.53735672 96.54251453 96.51499769 96.49308056
 96.49587738 96.48662306 96.50193819 96.49688079 96.46835248 96.50116377]
最小値:95.84875765688167
入力値:[18, 4]
経過時間:232.32918214797974sec
num_evaluation of BBF = 150.0
 input
[[23, 81], [33, 81], [24, 37], [12, 5], [11, 46], [32, 46], [15, 80], [13, 62], [14, 92], [5, 84], [0, 68], [38, 60], [39, 63], [0, 61], [24, 33], [0, 40], [39, 40], [24, 64], [20, 62], [5, 94], [2, 14], [2, 15], [13, 72], [1, 16], [1, 14], [12, 61], [3, 14], [5, 22], [4, 13], [3, 13], [5, 14], [5, 15], [4, 15], [31, 15], [0, 53], [39, 10], [38, 28], [39, 0], [39, 18], [39, 88], [38, 96], [39, 76], [39, 11], [39, 56], [39, 50], [0, 35], [17, 4], [17, 0], [22, 3], [39, 7], [0, 43], [0, 25], [39, 95], [16, 31], [35, 20], [5, 0], [39, 81], [2, 3], [38, 35], [25, 45], [13, 44], [20, 29], [30, 77], [16, 8], [3, 49], [5, 21], [17, 24], [25, 49], [34, 22], [21, 88], [19, 12], [39, 4], [38, 66], [1, 58], [18, 4], [5, 75], [12, 64], [31, 17], [31, 38], [19, 64], [2, 71], [2, 37], [27, 9], [31, 4], [14, 88], [34, 11], [27, 34], [37, 65], [2, 88], [34, 24], [9, 61], [25, 69], [28, 18], [10, 1], [26, 29], [33, 12], [4, 62], [27, 52], [30, 5], [38, 16], [23, 37], [33, 84], [32, 78], [24, 81], [16, 55], [11, 23], [1, 66], [7, 61], [25, 14], [11, 60], [22, 95], [36, 16], [2, 11], [9, 45], [38, 52], [36, 13], [6, 82], [36, 82], [7, 55], [14, 32], [6, 61], [18, 39], [35, 61], [14, 12], [26, 24], [22, 19], [31, 83], [31, 84], [18, 48], [39, 90], [39, 86], [39, 26], [39, 42], [38, 74], [0, 57], [38, 70], [0, 91], [0, 79], [39, 93], [0, 73], [0, 27], [0, 6], [39, 59], [0, 47], [0, 30], [39, 67], [39, 54], [1, 51], [0, 41], [0, 85], [39, 2], [0, 87], [0, 89], [39, 36], [39, 58], [0, 96], [0, 76], [39, 71], [39, 43], [39, 31], [1, 78], [39, 68], [38, 73], [0, 26], [1, 86], [39, 92], [1, 33], [0, 20], [2, 90], [39, 41], [0, 9], [39, 48], [0, 70], [38, 75], [39, 79], [0, 50], [39, 57], [1, 54], [39, 23], [2, 39], [39, 6], [39, 94], [39, 25], [0, 67], [38, 47], [0, 4], [1, 77], [0, 69], [38, 44], [39, 72], [39, 51], [0, 2], [0, 59], [39, 27], [0, 56], [39, 32], [0, 74], [38, 53], [0, 36], [39, 30]]
 output
 [96.50637926 96.50422517 96.46592033 96.55883583 96.49646554 96.50795113
 96.49722737 96.44668262 96.49627994 96.51023897 96.50615428 96.48166464
 96.50504013 96.50198527 96.50351987 96.45779425 96.54590179 96.4853022
 96.55065543 96.51017559 96.46597192 96.47436497 96.51382085 96.44938944
 96.48318182 96.51933477 96.41767727 96.55215078 96.41917337 96.48097868
 96.39884221 96.38637764 96.44418768 96.42324455 96.52668787 96.47346752
 96.57064966 96.54237302 96.49388891 96.49904185 96.5053232  96.49532923
 96.47384108 96.51509145 96.49146642 96.56173698 96.03763503 97.48317743
 96.50802409 96.53484162 96.49019328 96.47674672 96.48544232 96.49000105
 96.46646499 96.55609821 96.50239287 96.52199664 96.48280351 96.56332451
 96.46356392 96.50518174 96.50154014 96.58275503 96.51914277 96.59021096
 96.46749454 96.50143417 96.4705432  96.50212714 96.88516218 96.49219797
 96.51617737 96.47746368 95.84875766 96.49443858 96.54622827 96.55739827
 96.52967444 96.45060471 96.4825409  96.45173581 96.52574993 96.52169296
 96.50488589 96.506749   96.53014228 96.48971065 96.51901375 96.37091532
 96.51879721 96.50407116 96.57948239 96.53664358 96.51779884 96.38792273
 96.49786472 96.53852073 96.50985892 96.49729297 96.54398532 96.49296146
 96.49920057 96.50444111 96.5191155  96.45338531 96.5093048  96.49629528
 96.55238346 96.50771337 96.51770616 96.50181072 96.49883662 96.49911819
 96.49105406 96.54298664 96.50584195 96.50265483 96.47182288 96.51005058
 96.50566715 96.51127753 96.49331673 96.3606268  96.49029836 96.54407727
 96.49643702 96.4975271  96.48867856 96.5108095  96.49961556 96.51093269
 96.53684117 96.51623316 96.50870727 96.51278366 96.53274154 96.4970874
 96.54164811 96.49695351 96.53735672 96.54251453 96.51499769 96.49308056
 96.49587738 96.48662306 96.50193819 96.49688079 96.46835248 96.50116377
 96.52622974 96.5043547  96.50669472 96.46355892 96.5175109  96.50403742
 96.49726409 96.48356483 96.53264283 96.55516491 96.50110839 96.48242835
 96.5159841  96.52403999 96.50627132 96.55247127 96.47913084 96.53667991
 96.52903164 96.54985767 96.52243451 96.49634608 96.50346135 96.51602956
 96.50043925 96.51049261 96.51830861 96.47296548 96.50531059 96.47519938
 96.54308963 96.48822    96.55069336 96.50443453 96.51975051 96.49480634
 96.50297588 96.50597291 96.47226215 96.48510934 96.48400344 96.50808736
 96.50003703 96.47281632 96.51163809 96.56138112 96.49676585 96.47685126
 96.53945937 96.49438189]
最小値:95.84875765688167
入力値:[18, 4]
経過時間:259.7195768356323sec
num_evaluation of BBF = 200.0