
BO_ratio_matrix = 
[[98.87727321 98.3325717  98.23369474 95.30085448 98.31692891 98.36345475
  98.98972205 98.76817456 98.7981078  97.61959676]
 [98.87727321 97.79583477 98.23369474 95.30085448 98.31692891 98.36345475
  98.88105161 98.52246183 98.59043276 97.07860533]
 [98.726569   97.79583477 98.20287863 95.30085448 98.31692891 96.46798641
  98.58457686 98.52246183 98.59043276 96.40032382]
 [96.59583745 97.79583477 98.20287863 95.30085448 96.57178375 96.46798641
  97.38901406 97.32103091 98.59043276 96.40032382]
 [96.59583745 96.60222598 98.20287863 95.30085448 96.57178375 96.46798641
  97.29816589 97.32103091 98.59043276 92.01229004]
 [96.4373045  96.60222598 98.20287863 95.30085448 96.57178375 96.46798641
  97.29816589 97.32103091 98.17363003 92.01229004]]
RS_ratio_matrix = 
[[99.26320339 98.71288903 98.01766571 96.46553116 99.11850599 97.44655733
  98.5704308  96.4373045  98.94753559 98.4924674 ]
 [98.98520927 97.14119739 98.01766571 96.46553116 99.02703442 97.44655733
  98.5704308  96.4373045  97.84236852 98.33239938]
 [96.4373045  97.14119739 98.01766571 96.46553116 98.6309518  97.44655733
  98.5704308  96.4373045  97.84236852 98.23369474]
 [96.4373045  97.14119739 98.01766571 96.46553116 98.54488075 96.99188256
  97.79423152 96.4373045  97.84236852 98.23369474]
 [96.4373045  96.57178375 98.01766571 96.46553116 98.54488075 96.46553116
  97.79423152 95.49213443 97.84236852 98.23369474]
 [96.4373045  95.30085448 97.9893496  96.46553116 98.54488075 96.46553116
  97.79423152 95.49213443 96.60222598 98.23369474]]
Mean Accumulated PREC(%) 10 times; BBF=[ 15.  30.  50. 100. 150. 200.]
BO_vec=array([98.1600379 , 97.99605924, 97.69088475, 97.0635977 , 96.49634863,
       96.43881506])
RS_vec=array([98.14720909, 97.82656985, 97.52230065, 97.39060613, 97.18651262,
       96.93257383])
Median Accumulated PREC(%) 10 times; BBF=[ 15.  30.  50. 100. 150. 200.]
BO_vec=array([98.34801322, 98.34019183, 98.25990377, 96.95843418, 96.59903171,
       96.58700486])
RS_vec=array([98.5314491 , 97.93001711, 97.64446292, 97.46771445, 97.18300763,
       96.53387857])
Min Accumulated PREC(%) 10 times; BBF=[ 15.  30.  50. 100. 150. 200.]
BO_vec=array([95.30085448, 95.30085448, 95.30085448, 95.30085448, 92.01229004,
       92.01229004])
RS_vec=array([96.4373045 , 96.4373045 , 96.4373045 , 96.4373045 , 95.49213443,
       95.30085448])
Max Accumulated PREC(%) 10 times; BBF=[ 15.  30.  50. 100. 150. 200.]
BO_vec=array([98.98972205, 98.88105161, 98.726569  , 98.59043276, 98.59043276,
       98.20287863])
RS_vec=array([99.26320339, 99.02703442, 98.6309518 , 98.54488075, 98.54488075,
       98.54488075])