
 input
[[23, 81], [33, 81], [24, 37], [12, 5], [11, 46], [32, 46], [15, 80], [13, 62], [14, 92], [5, 84], [39, 50], [39, 96], [0, 56], [38, 65], [0, 27]]
 output
 [ 96.51898507  95.97354928  96.99500305 100.08312148  95.85522469
  94.253937    96.08929447  96.66284883  96.48714295  96.53986218
  96.32110928  96.41191649  95.44616052  97.23691715  95.05024425]
最小値:94.25393699785104
入力値:[32, 46]
経過時間:67.71554183959961sec
num_evaluation of BBF = 15.0
 input
[[23, 81], [33, 81], [24, 37], [12, 5], [11, 46], [32, 46], [15, 80], [13, 62], [14, 92], [5, 84], [39, 50], [39, 96], [0, 56], [38, 65], [0, 27], [38, 22], [39, 21], [24, 64], [35, 65], [38, 23], [38, 16], [8, 89], [22, 27], [9, 5], [1, 22], [39, 22], [1, 73], [39, 31], [0, 42], [38, 25]]
 output
 [ 96.51898507  95.97354928  96.99500305 100.08312148  95.85522469
  94.253937    96.08929447  96.66284883  96.48714295  96.53986218
  96.32110928  96.41191649  95.44616052  97.23691715  95.05024425
  86.7579334   98.49772788  96.30352268  97.66313962  90.06300232
 100.4970943   95.9639907   93.43842187 102.44889782  94.2882238
  96.45933804  96.83814615  95.14766437  96.06127026  95.38873208]
最小値:86.75793339728217
入力値:[38, 22]
経過時間:77.09051370620728sec
num_evaluation of BBF = 30.0
 input
[[23, 81], [33, 81], [24, 37], [12, 5], [11, 46], [32, 46], [15, 80], [13, 62], [14, 92], [5, 84], [39, 50], [39, 96], [0, 56], [38, 65], [0, 27], [38, 22], [39, 21], [24, 64], [35, 65], [38, 23], [38, 16], [8, 89], [22, 27], [9, 5], [1, 22], [39, 22], [1, 73], [39, 31], [0, 42], [38, 25], [38, 0], [32, 3], [14, 18], [16, 36], [39, 31], [12, 70], [2, 53], [24, 63], [39, 76], [10, 43], [0, 11], [0, 96], [36, 58], [39, 87], [1, 28], [0, 33], [38, 96], [0, 51], [2, 0], [0, 26]]
 output
 [ 96.51898507  95.97354928  96.99500305 100.08312148  95.85522469
  94.253937    96.08929447  96.66284883  96.48714295  96.53986218
  96.32110928  96.41191649  95.44616052  97.23691715  95.05024425
  86.7579334   98.49772788  96.30352268  97.66313962  90.06300232
 100.4970943   95.9639907   93.43842187 102.44889782  94.2882238
  96.45933804  96.83814615  95.14766437  96.06127026  95.38873208
  96.41320469  96.81948016  95.97968197  96.03072436  95.14766437
  96.41125825  96.74603624  95.97452723  96.76113842  96.85319045
  98.71967378  96.40751477  97.01925792  96.81591426  93.1206653
  96.22739256  96.41661058  94.94199572  97.87709595  95.48074147]
最小値:86.75793339728217
入力値:[38, 22]
経過時間:119.92648887634277sec
num_evaluation of BBF = 50.0
 input
[[23, 81], [33, 81], [24, 37], [12, 5], [11, 46], [32, 46], [15, 80], [13, 62], [14, 92], [5, 84], [39, 50], [39, 96], [0, 56], [38, 65], [0, 27], [38, 22], [39, 21], [24, 64], [35, 65], [38, 23], [38, 16], [8, 89], [22, 27], [9, 5], [1, 22], [39, 22], [1, 73], [39, 31], [0, 42], [38, 25], [38, 0], [32, 3], [14, 18], [16, 36], [39, 31], [12, 70], [2, 53], [24, 63], [39, 76], [10, 43], [0, 11], [0, 96], [36, 58], [39, 87], [1, 28], [0, 33], [38, 96], [0, 51], [2, 0], [0, 26], [39, 39], [39, 72], [37, 55], [0, 90], [39, 48], [0, 76], [1, 14], [39, 30], [29, 47], [13, 48], [36, 28], [27, 22], [1, 96], [39, 86], [0, 58], [0, 69], [39, 40], [27, 47], [29, 77], [39, 0], [0, 34], [1, 29], [16, 68], [23, 94], [39, 54], [1, 84], [39, 10], [0, 19], [1, 60], [0, 25], [37, 26], [39, 66], [34, 22], [24, 20], [31, 63], [38, 37], [7, 92], [2, 49], [37, 96], [1, 0], [0, 39], [0, 75], [39, 34], [29, 88], [17, 44], [37, 57], [22, 13], [2, 96], [3, 66], [35, 69]]
 output
 [ 96.51898507  95.97354928  96.99500305 100.08312148  95.85522469
  94.253937    96.08929447  96.66284883  96.48714295  96.53986218
  96.32110928  96.41191649  95.44616052  97.23691715  95.05024425
  86.7579334   98.49772788  96.30352268  97.66313962  90.06300232
 100.4970943   95.9639907   93.43842187 102.44889782  94.2882238
  96.45933804  96.83814615  95.14766437  96.06127026  95.38873208
  96.41320469  96.81948016  95.97968197  96.03072436  95.14766437
  96.41125825  96.74603624  95.97452723  96.76113842  96.85319045
  98.71967378  96.40751477  97.01925792  96.81591426  93.1206653
  96.22739256  96.41661058  94.94199572  97.87709595  95.48074147
  96.16233031  96.36814082  95.72226796  96.0256433   95.53107001
  96.13732418  98.81501561  96.23299489  95.79758292  96.34259028
  95.84939835  96.91364321  96.40361915  96.7462846   95.61890013
  96.1949043   96.42054907  97.37776672  96.35331155  96.55367772
  95.84333582  93.13789352  96.02485245  96.33303381  96.72535293
  96.57925279  98.19177393  96.74916572  96.99281665  96.53311756
  96.731698    97.43316634  97.39610243  99.44940797  96.81906418
  93.04444061  96.25047539  95.34055239  96.42093698  97.72823627
  95.95788731  95.99691099  91.11521783  95.72668753  95.42168412
  95.59843877  91.41580163  96.40051439  96.37053638  97.07737727]
最小値:86.75793339728217
入力値:[38, 22]
経過時間:297.51678824424744sec
num_evaluation of BBF = 100.0
 input
[[23, 81], [33, 81], [24, 37], [12, 5], [11, 46], [32, 46], [15, 80], [13, 62], [14, 92], [5, 84], [39, 50], [39, 96], [0, 56], [38, 65], [0, 27], [38, 22], [39, 21], [24, 64], [35, 65], [38, 23], [38, 16], [8, 89], [22, 27], [9, 5], [1, 22], [39, 22], [1, 73], [39, 31], [0, 42], [38, 25], [38, 0], [32, 3], [14, 18], [16, 36], [39, 31], [12, 70], [2, 53], [24, 63], [39, 76], [10, 43], [0, 11], [0, 96], [36, 58], [39, 87], [1, 28], [0, 33], [38, 96], [0, 51], [2, 0], [0, 26], [39, 39], [39, 72], [37, 55], [0, 90], [39, 48], [0, 76], [1, 14], [39, 30], [29, 47], [13, 48], [36, 28], [27, 22], [1, 96], [39, 86], [0, 58], [0, 69], [39, 40], [27, 47], [29, 77], [39, 0], [0, 34], [1, 29], [16, 68], [23, 94], [39, 54], [1, 84], [39, 10], [0, 19], [1, 60], [0, 25], [37, 26], [39, 66], [34, 22], [24, 20], [31, 63], [38, 37], [7, 92], [2, 49], [37, 96], [1, 0], [0, 39], [0, 75], [39, 34], [29, 88], [17, 44], [37, 57], [22, 13], [2, 96], [3, 66], [35, 69], [33, 47], [20, 48], [28, 12], [23, 30], [28, 6], [37, 0], [0, 35], [24, 63], [3, 41], [35, 7], [23, 32], [0, 45], [34, 78], [5, 50], [18, 17], [39, 62], [18, 6], [19, 0], [17, 0], [18, 95], [18, 0], [23, 0], [22, 0], [25, 0], [24, 0], [24, 83], [31, 14], [36, 91], [28, 11], [8, 61], [2, 28], [1, 32], [28, 25], [31, 4], [12, 44], [9, 19], [3, 58], [26, 71], [36, 64], [19, 64], [12, 8], [19, 22], [29, 29], [11, 74], [19, 35], [24, 86], [24, 30], [37, 80], [38, 8], [15, 72]]
 output
 [ 96.51898507  95.97354928  96.99500305 100.08312148  95.85522469
  94.253937    96.08929447  96.66284883  96.48714295  96.53986218
  96.32110928  96.41191649  95.44616052  97.23691715  95.05024425
  86.7579334   98.49772788  96.30352268  97.66313962  90.06300232
 100.4970943   95.9639907   93.43842187 102.44889782  94.2882238
  96.45933804  96.83814615  95.14766437  96.06127026  95.38873208
  96.41320469  96.81948016  95.97968197  96.03072436  95.14766437
  96.41125825  96.74603624  95.97452723  96.76113842  96.85319045
  98.71967378  96.40751477  97.01925792  96.81591426  93.1206653
  96.22739256  96.41661058  94.94199572  97.87709595  95.48074147
  96.16233031  96.36814082  95.72226796  96.0256433   95.53107001
  96.13732418  98.81501561  96.23299489  95.79758292  96.34259028
  95.84939835  96.91364321  96.40361915  96.7462846   95.61890013
  96.1949043   96.42054907  97.37776672  96.35331155  96.55367772
  95.84333582  93.13789352  96.02485245  96.33303381  96.72535293
  96.57925279  98.19177393  96.74916572  96.99281665  96.53311756
  96.731698    97.43316634  97.39610243  99.44940797  96.81906418
  93.04444061  96.25047539  95.34055239  96.42093698  97.72823627
  95.95788731  95.99691099  91.11521783  95.72668753  95.42168412
  95.59843877  91.41580163  96.40051439  96.37053638  97.07737727
  96.25205689  95.73057897  95.8201039   87.95565234  92.64473996
  96.67493139  95.64538512  95.97452723  96.37202496  95.7271354
  91.67242373  95.42343383  97.13188032  96.15915291  89.76401279
  97.13724315  75.90298868  92.5815567   97.39448842  96.40503402
  96.38639545  87.77493121  87.34238623  84.65196546  84.14341039
  96.62808422  99.79255367  96.74486695  96.84601138  97.21155445
  96.58743365  94.06412254  97.14738849  97.17072292  95.81325538
  96.16950477  95.73181178  96.54604918  96.18370793  96.18101942
 100.94910431  95.14870402  96.27304462  96.62741683  95.19629259
  96.61404934  97.03452978  96.43092962  95.22532762  96.19038441]
最小値:75.90298867638171
入力値:[18, 6]
経過時間:316.7643189430237sec
num_evaluation of BBF = 150.0
 input
[[23, 81], [33, 81], [24, 37], [12, 5], [11, 46], [32, 46], [15, 80], [13, 62], [14, 92], [5, 84], [39, 50], [39, 96], [0, 56], [38, 65], [0, 27], [38, 22], [39, 21], [24, 64], [35, 65], [38, 23], [38, 16], [8, 89], [22, 27], [9, 5], [1, 22], [39, 22], [1, 73], [39, 31], [0, 42], [38, 25], [38, 0], [32, 3], [14, 18], [16, 36], [39, 31], [12, 70], [2, 53], [24, 63], [39, 76], [10, 43], [0, 11], [0, 96], [36, 58], [39, 87], [1, 28], [0, 33], [38, 96], [0, 51], [2, 0], [0, 26], [39, 39], [39, 72], [37, 55], [0, 90], [39, 48], [0, 76], [1, 14], [39, 30], [29, 47], [13, 48], [36, 28], [27, 22], [1, 96], [39, 86], [0, 58], [0, 69], [39, 40], [27, 47], [29, 77], [39, 0], [0, 34], [1, 29], [16, 68], [23, 94], [39, 54], [1, 84], [39, 10], [0, 19], [1, 60], [0, 25], [37, 26], [39, 66], [34, 22], [24, 20], [31, 63], [38, 37], [7, 92], [2, 49], [37, 96], [1, 0], [0, 39], [0, 75], [39, 34], [29, 88], [17, 44], [37, 57], [22, 13], [2, 96], [3, 66], [35, 69], [33, 47], [20, 48], [28, 12], [23, 30], [28, 6], [37, 0], [0, 35], [24, 63], [3, 41], [35, 7], [23, 32], [0, 45], [34, 78], [5, 50], [18, 17], [39, 62], [18, 6], [19, 0], [17, 0], [18, 95], [18, 0], [23, 0], [22, 0], [25, 0], [24, 0], [24, 83], [31, 14], [36, 91], [28, 11], [8, 61], [2, 28], [1, 32], [28, 25], [31, 4], [12, 44], [9, 19], [3, 58], [26, 71], [36, 64], [19, 64], [12, 8], [19, 22], [29, 29], [11, 74], [19, 35], [24, 86], [24, 30], [37, 80], [38, 8], [15, 72], [33, 47], [20, 48], [28, 12], [23, 30], [28, 6], [31, 7], [24, 56], [10, 65], [2, 91], [21, 14], [25, 71], [4, 84], [12, 96], [23, 19], [31, 39], [4, 75], [14, 86], [1, 43], [11, 89], [20, 56], [38, 24], [9, 27], [26, 2], [29, 4], [37, 96], [24, 8], [20, 7], [21, 6], [21, 5], [21, 4], [21, 14], [5, 56], [6, 40], [23, 65], [32, 85], [31, 23], [21, 56], [12, 7], [36, 1], [8, 10], [37, 23], [29, 75], [0, 24], [27, 20], [18, 95], [14, 43], [4, 57], [4, 55], [36, 57], [12, 73]]
 output
 [ 96.51898507  95.97354928  96.99500305 100.08312148  95.85522469
  94.253937    96.08929447  96.66284883  96.48714295  96.53986218
  96.32110928  96.41191649  95.44616052  97.23691715  95.05024425
  86.7579334   98.49772788  96.30352268  97.66313962  90.06300232
 100.4970943   95.9639907   93.43842187 102.44889782  94.2882238
  96.45933804  96.83814615  95.14766437  96.06127026  95.38873208
  96.41320469  96.81948016  95.97968197  96.03072436  95.14766437
  96.41125825  96.74603624  95.97452723  96.76113842  96.85319045
  98.71967378  96.40751477  97.01925792  96.81591426  93.1206653
  96.22739256  96.41661058  94.94199572  97.87709595  95.48074147
  96.16233031  96.36814082  95.72226796  96.0256433   95.53107001
  96.13732418  98.81501561  96.23299489  95.79758292  96.34259028
  95.84939835  96.91364321  96.40361915  96.7462846   95.61890013
  96.1949043   96.42054907  97.37776672  96.35331155  96.55367772
  95.84333582  93.13789352  96.02485245  96.33303381  96.72535293
  96.57925279  98.19177393  96.74916572  96.99281665  96.53311756
  96.731698    97.43316634  97.39610243  99.44940797  96.81906418
  93.04444061  96.25047539  95.34055239  96.42093698  97.72823627
  95.95788731  95.99691099  91.11521783  95.72668753  95.42168412
  95.59843877  91.41580163  96.40051439  96.37053638  97.07737727
  96.25205689  95.73057897  95.8201039   87.95565234  92.64473996
  96.67493139  95.64538512  95.97452723  96.37202496  95.7271354
  91.67242373  95.42343383  97.13188032  96.15915291  89.76401279
  97.13724315  75.90298868  92.5815567   97.39448842  96.40503402
  96.38639545  87.77493121  87.34238623  84.65196546  84.14341039
  96.62808422  99.79255367  96.74486695  96.84601138  97.21155445
  96.58743365  94.06412254  97.14738849  97.17072292  95.81325538
  96.16950477  95.73181178  96.54604918  96.18370793  96.18101942
 100.94910431  95.14870402  96.27304462  96.62741683  95.19629259
  96.61404934  97.03452978  96.43092962  95.22532762  96.19038441
  96.25205689  95.73057897  95.8201039   87.95565234  92.64473996
  96.97830828  96.6304618   95.7803121   95.82480126  92.18213958
  96.37342417  96.66665     96.40518125  95.62211107  95.93795422
  96.17908912  96.02739564  91.3757808   95.74620747  96.17702196
  93.60082012  96.05252708  90.63618038  97.10805044  96.42093698
  81.4239113   79.30878853  72.55457819  62.62453032  61.12796471
  92.18213958  96.83329831  95.0217486   96.38522525  97.13449199
  95.87682746  95.96354325 100.88909877  97.39912883 104.43136316
  97.17888508  96.30863414  97.20491263  98.30229454  96.40503402
  95.4755209   97.86239476  97.77533578  96.8902147   96.57944795]
最小値:61.12796471262441
入力値:[21, 4]
経過時間:309.92240023612976sec
num_evaluation of BBF = 200.0