
BO_ratio_matrix = 
[[97.30054922]
 [89.56224894]
 [89.56224894]
 [89.56224894]
 [78.35643498]
 [63.1038313 ]]
RS_ratio_matrix = 
[[76.98957514]
 [76.98957514]
 [76.98957514]
 [76.98957514]
 [76.98957514]
 [76.98957514]]
Mean Accumulated PREC(%) 1 times; BBF=[ 15.  30.  50. 100. 150. 200.]
BO_vec=array([97.30054922, 89.56224894, 89.56224894, 89.56224894, 78.35643498,
       63.1038313 ])
RS_vec=array([76.98957514, 76.98957514, 76.98957514, 76.98957514, 76.98957514,
       76.98957514])
Median Accumulated PREC(%) 1 times; BBF=[ 15.  30.  50. 100. 150. 200.]
BO_vec=array([97.30054922, 89.56224894, 89.56224894, 89.56224894, 78.35643498,
       63.1038313 ])
RS_vec=array([76.98957514, 76.98957514, 76.98957514, 76.98957514, 76.98957514,
       76.98957514])
Min Accumulated PREC(%) 1 times; BBF=[ 15.  30.  50. 100. 150. 200.]
BO_vec=array([97.30054922, 89.56224894, 89.56224894, 89.56224894, 78.35643498,
       63.1038313 ])
RS_vec=array([76.98957514, 76.98957514, 76.98957514, 76.98957514, 76.98957514,
       76.98957514])
Max Accumulated PREC(%) 1 times; BBF=[ 15.  30.  50. 100. 150. 200.]
BO_vec=array([97.30054922, 89.56224894, 89.56224894, 89.56224894, 78.35643498,
       63.1038313 ])
RS_vec=array([76.98957514, 76.98957514, 76.98957514, 76.98957514, 76.98957514,
       76.98957514])