
 input
[[23, 81], [33, 81], [24, 37], [12, 5], [11, 46], [32, 46], [15, 80], [13, 62], [14, 92], [5, 84], [11, 0], [11, 53], [10, 96], [10, 37], [12, 33]]
 output
 [96.50173503 96.51725905 96.6260017  96.26174954 96.03248849 96.58464264
 96.51211465 96.69579221 96.51226989 96.4958245  96.49323537 96.43592902
 96.50564621 96.42314935 96.32487238]
最小値:96.03248848707038
入力値:[11, 46]
経過時間:63.85617423057556sec
num_evaluation of BBF = 15.0
 input
[[23, 81], [33, 81], [24, 37], [12, 5], [11, 46], [32, 46], [15, 80], [13, 62], [14, 92], [5, 84], [11, 0], [11, 53], [10, 96], [10, 37], [12, 33], [13, 0], [7, 46], [11, 91], [12, 46], [11, 28], [9, 0], [39, 1], [0, 0], [19, 0], [26, 0], [19, 31], [20, 0], [21, 0], [0, 32], [21, 30]]
 output
 [96.50173503 96.51725905 96.6260017  96.26174954 96.03248849 96.58464264
 96.51211465 96.69579221 96.51226989 96.4958245  96.49323537 96.43592902
 96.50564621 96.42314935 96.32487238 96.51046198 96.47811501 96.50659222
 96.59779024 96.33938807 96.48337045 96.48894004 96.49523285 96.27872247
 96.49082532 96.51998735 96.31320401 96.33467818 96.5740012  96.50904733]
最小値:96.03248848707038
入力値:[11, 46]
経過時間:64.72032976150513sec
num_evaluation of BBF = 30.0
 input
[[23, 81], [33, 81], [24, 37], [12, 5], [11, 46], [32, 46], [15, 80], [13, 62], [14, 92], [5, 84], [11, 0], [11, 53], [10, 96], [10, 37], [12, 33], [13, 0], [7, 46], [11, 91], [12, 46], [11, 28], [9, 0], [39, 1], [0, 0], [19, 0], [26, 0], [19, 31], [20, 0], [21, 0], [0, 32], [21, 30], [39, 95], [39, 31], [39, 42], [38, 96], [11, 45], [1, 68], [2, 60], [38, 14], [11, 44], [11, 43], [21, 31], [9, 1], [11, 1], [22, 52], [3, 13], [34, 44], [12, 79], [30, 90], [6, 44], [30, 52]]
 output
 [96.50173503 96.51725905 96.6260017  96.26174954 96.03248849 96.58464264
 96.51211465 96.69579221 96.51226989 96.4958245  96.49323537 96.43592902
 96.50564621 96.42314935 96.32487238 96.51046198 96.47811501 96.50659222
 96.59779024 96.33938807 96.48337045 96.48894004 96.49523285 96.27872247
 96.49082532 96.51998735 96.31320401 96.33467818 96.5740012  96.50904733
 96.51462193 96.11841637 96.54968815 96.50326299 95.92177594 96.41836464
 96.5686093  96.95821611 95.84796645 95.92271085 96.50068725 96.49482656
 96.50071828 96.44664028 96.55717701 96.11898476 96.49949424 96.5147644
 95.96157134 96.53771508]
最小値:95.84796644814023
入力値:[11, 44]
経過時間:92.97775983810425sec
num_evaluation of BBF = 50.0
 input
[[23, 81], [33, 81], [24, 37], [12, 5], [11, 46], [32, 46], [15, 80], [13, 62], [14, 92], [5, 84], [11, 0], [11, 53], [10, 96], [10, 37], [12, 33], [13, 0], [7, 46], [11, 91], [12, 46], [11, 28], [9, 0], [39, 1], [0, 0], [19, 0], [26, 0], [19, 31], [20, 0], [21, 0], [0, 32], [21, 30], [39, 95], [39, 31], [39, 42], [38, 96], [11, 45], [1, 68], [2, 60], [38, 14], [11, 44], [11, 43], [21, 31], [9, 1], [11, 1], [22, 52], [3, 13], [34, 44], [12, 79], [30, 90], [6, 44], [30, 52], [33, 47], [20, 48], [28, 12], [23, 30], [28, 6], [31, 7], [6, 43], [23, 16], [17, 40], [37, 59], [19, 85], [37, 36], [16, 44], [5, 50], [18, 17], [39, 62], [18, 6], [0, 45], [0, 16], [6, 45], [38, 26], [39, 44], [23, 14], [6, 47], [23, 15], [24, 83], [31, 14], [36, 91], [28, 11], [8, 61], [2, 28], [1, 32], [28, 25], [31, 4], [39, 19], [9, 44], [10, 44], [9, 90], [22, 17], [3, 51], [19, 71], [19, 0], [26, 0], [9, 45], [5, 81], [10, 49], [20, 14], [12, 27], [21, 9], [18, 87]]
 output
 [96.50173503 96.51725905 96.6260017  96.26174954 96.03248849 96.58464264
 96.51211465 96.69579221 96.51226989 96.4958245  96.49323537 96.43592902
 96.50564621 96.42314935 96.32487238 96.51046198 96.47811501 96.50659222
 96.59779024 96.33938807 96.48337045 96.48894004 96.49523285 96.27872247
 96.49082532 96.51998735 96.31320401 96.33467818 96.5740012  96.50904733
 96.51462193 96.11841637 96.54968815 96.50326299 95.92177594 96.41836464
 96.5686093  96.95821611 95.84796645 95.92271085 96.50068725 96.49482656
 96.50071828 96.44664028 96.55717701 96.11898476 96.49949424 96.5147644
 95.96157134 96.53771508 96.61115046 96.56756875 96.72684998 96.57507457
 96.74403191 96.71098123 96.33826078 95.87726661 96.51211589 96.48965562
 96.51249338 96.52687644 96.52366155 96.3658333  96.40914474 96.5192154
 98.32316517 96.42455485 96.5608831  95.94261352 96.42498435 96.56182866
 95.96072982 96.55925933 96.44963409 96.50119056 96.83824486 96.48453841
 96.21924108 96.5569729  96.35115532 96.4634142  96.52569234 96.47630151
 96.59064497 95.94500588 95.78374663 96.49731418 96.44354615 96.52227289
 96.47988702 96.27872247 96.49082532 95.97748708 96.50700473 96.06327718
 96.34791238 96.4305559  95.86806635 96.51009258]
最小値:95.78374663297724
入力値:[10, 44]
経過時間:251.68839406967163sec
num_evaluation of BBF = 100.0
 input
[[23, 81], [33, 81], [24, 37], [12, 5], [11, 46], [32, 46], [15, 80], [13, 62], [14, 92], [5, 84], [11, 0], [11, 53], [10, 96], [10, 37], [12, 33], [13, 0], [7, 46], [11, 91], [12, 46], [11, 28], [9, 0], [39, 1], [0, 0], [19, 0], [26, 0], [19, 31], [20, 0], [21, 0], [0, 32], [21, 30], [39, 95], [39, 31], [39, 42], [38, 96], [11, 45], [1, 68], [2, 60], [38, 14], [11, 44], [11, 43], [21, 31], [9, 1], [11, 1], [22, 52], [3, 13], [34, 44], [12, 79], [30, 90], [6, 44], [30, 52], [33, 47], [20, 48], [28, 12], [23, 30], [28, 6], [31, 7], [6, 43], [23, 16], [17, 40], [37, 59], [19, 85], [37, 36], [16, 44], [5, 50], [18, 17], [39, 62], [18, 6], [0, 45], [0, 16], [6, 45], [38, 26], [39, 44], [23, 14], [6, 47], [23, 15], [24, 83], [31, 14], [36, 91], [28, 11], [8, 61], [2, 28], [1, 32], [28, 25], [31, 4], [39, 19], [9, 44], [10, 44], [9, 90], [22, 17], [3, 51], [19, 71], [19, 0], [26, 0], [9, 45], [5, 81], [10, 49], [20, 14], [12, 27], [21, 9], [18, 87], [33, 47], [20, 48], [28, 12], [23, 30], [28, 6], [31, 7], [24, 56], [10, 65], [2, 91], [21, 14], [7, 44], [37, 36], [28, 72], [18, 31], [8, 59], [6, 69], [28, 57], [2, 19], [19, 66], [12, 80], [8, 67], [4, 75], [4, 48], [10, 36], [27, 25], [8, 35], [12, 39], [36, 36], [28, 94], [30, 79], [17, 13], [2, 13], [25, 23], [37, 88], [35, 83], [4, 43], [14, 15], [22, 0], [16, 19], [34, 41], [24, 11], [31, 83], [36, 38], [29, 62], [6, 62], [27, 91], [17, 76], [3, 37], [20, 10], [39, 45]]
 output
 [96.50173503 96.51725905 96.6260017  96.26174954 96.03248849 96.58464264
 96.51211465 96.69579221 96.51226989 96.4958245  96.49323537 96.43592902
 96.50564621 96.42314935 96.32487238 96.51046198 96.47811501 96.50659222
 96.59779024 96.33938807 96.48337045 96.48894004 96.49523285 96.27872247
 96.49082532 96.51998735 96.31320401 96.33467818 96.5740012  96.50904733
 96.51462193 96.11841637 96.54968815 96.50326299 95.92177594 96.41836464
 96.5686093  96.95821611 95.84796645 95.92271085 96.50068725 96.49482656
 96.50071828 96.44664028 96.55717701 96.11898476 96.49949424 96.5147644
 95.96157134 96.53771508 96.61115046 96.56756875 96.72684998 96.57507457
 96.74403191 96.71098123 96.33826078 95.87726661 96.51211589 96.48965562
 96.51249338 96.52687644 96.52366155 96.3658333  96.40914474 96.5192154
 98.32316517 96.42455485 96.5608831  95.94261352 96.42498435 96.56182866
 95.96072982 96.55925933 96.44963409 96.50119056 96.83824486 96.48453841
 96.21924108 96.5569729  96.35115532 96.4634142  96.52569234 96.47630151
 96.59064497 95.94500588 95.78374663 96.49731418 96.44354615 96.52227289
 96.47988702 96.27872247 96.49082532 95.97748708 96.50700473 96.06327718
 96.34791238 96.4305559  95.86806635 96.51009258 96.61115046 96.56756875
 96.72684998 96.57507457 96.74403191 96.71098123 96.63676818 96.38820981
 96.47968134 97.17977359 96.50002258 96.52687644 96.53569571 96.57861213
 96.5698471  96.63671709 96.43869623 96.28433669 96.53199444 96.50114078
 96.55054565 96.52517757 96.62405158 96.42559856 95.92626243 96.30819474
 96.446071   96.80588211 96.5004784  96.50926794 96.08799553 96.80052505
 97.22553023 96.52431319 96.50232106 96.5582608  96.66932898 96.32914556
 96.41945257 96.61266197 95.8855645  96.51268339 96.02170514 96.43930983
 96.42274864 96.53228884 96.50182875 96.32227275 99.45339844 96.56244226]
最小値:95.78374663297724
入力値:[10, 44]
経過時間:276.2702286243439sec
num_evaluation of BBF = 150.0
 input
[[23, 81], [33, 81], [24, 37], [12, 5], [11, 46], [32, 46], [15, 80], [13, 62], [14, 92], [5, 84], [11, 0], [11, 53], [10, 96], [10, 37], [12, 33], [13, 0], [7, 46], [11, 91], [12, 46], [11, 28], [9, 0], [39, 1], [0, 0], [19, 0], [26, 0], [19, 31], [20, 0], [21, 0], [0, 32], [21, 30], [39, 95], [39, 31], [39, 42], [38, 96], [11, 45], [1, 68], [2, 60], [38, 14], [11, 44], [11, 43], [21, 31], [9, 1], [11, 1], [22, 52], [3, 13], [34, 44], [12, 79], [30, 90], [6, 44], [30, 52], [33, 47], [20, 48], [28, 12], [23, 30], [28, 6], [31, 7], [6, 43], [23, 16], [17, 40], [37, 59], [19, 85], [37, 36], [16, 44], [5, 50], [18, 17], [39, 62], [18, 6], [0, 45], [0, 16], [6, 45], [38, 26], [39, 44], [23, 14], [6, 47], [23, 15], [24, 83], [31, 14], [36, 91], [28, 11], [8, 61], [2, 28], [1, 32], [28, 25], [31, 4], [39, 19], [9, 44], [10, 44], [9, 90], [22, 17], [3, 51], [19, 71], [19, 0], [26, 0], [9, 45], [5, 81], [10, 49], [20, 14], [12, 27], [21, 9], [18, 87], [33, 47], [20, 48], [28, 12], [23, 30], [28, 6], [31, 7], [24, 56], [10, 65], [2, 91], [21, 14], [7, 44], [37, 36], [28, 72], [18, 31], [8, 59], [6, 69], [28, 57], [2, 19], [19, 66], [12, 80], [8, 67], [4, 75], [4, 48], [10, 36], [27, 25], [8, 35], [12, 39], [36, 36], [28, 94], [30, 79], [17, 13], [2, 13], [25, 23], [37, 88], [35, 83], [4, 43], [14, 15], [22, 0], [16, 19], [34, 41], [24, 11], [31, 83], [36, 38], [29, 62], [6, 62], [27, 91], [17, 76], [3, 37], [20, 10], [39, 45], [39, 34], [39, 64], [0, 21], [0, 40], [0, 41], [0, 24], [23, 17], [7, 61], [0, 44], [39, 54], [1, 3], [39, 74], [16, 29], [38, 94], [34, 17], [39, 77], [1, 72], [0, 96], [30, 79], [39, 68], [0, 55], [0, 20], [8, 36], [0, 38], [1, 45], [38, 86], [12, 7], [28, 31], [26, 56], [25, 36], [3, 44], [39, 50], [34, 43], [2, 26], [38, 21], [38, 70], [0, 73], [39, 20], [0, 64], [0, 77], [39, 27], [39, 3], [0, 88], [39, 39], [0, 93], [1, 96], [0, 58], [0, 42], [0, 34], [0, 22]]
 output
 [96.50173503 96.51725905 96.6260017  96.26174954 96.03248849 96.58464264
 96.51211465 96.69579221 96.51226989 96.4958245  96.49323537 96.43592902
 96.50564621 96.42314935 96.32487238 96.51046198 96.47811501 96.50659222
 96.59779024 96.33938807 96.48337045 96.48894004 96.49523285 96.27872247
 96.49082532 96.51998735 96.31320401 96.33467818 96.5740012  96.50904733
 96.51462193 96.11841637 96.54968815 96.50326299 95.92177594 96.41836464
 96.5686093  96.95821611 95.84796645 95.92271085 96.50068725 96.49482656
 96.50071828 96.44664028 96.55717701 96.11898476 96.49949424 96.5147644
 95.96157134 96.53771508 96.61115046 96.56756875 96.72684998 96.57507457
 96.74403191 96.71098123 96.33826078 95.87726661 96.51211589 96.48965562
 96.51249338 96.52687644 96.52366155 96.3658333  96.40914474 96.5192154
 98.32316517 96.42455485 96.5608831  95.94261352 96.42498435 96.56182866
 95.96072982 96.55925933 96.44963409 96.50119056 96.83824486 96.48453841
 96.21924108 96.5569729  96.35115532 96.4634142  96.52569234 96.47630151
 96.59064497 95.94500588 95.78374663 96.49731418 96.44354615 96.52227289
 96.47988702 96.27872247 96.49082532 95.97748708 96.50700473 96.06327718
 96.34791238 96.4305559  95.86806635 96.51009258 96.61115046 96.56756875
 96.72684998 96.57507457 96.74403191 96.71098123 96.63676818 96.38820981
 96.47968134 97.17977359 96.50002258 96.52687644 96.53569571 96.57861213
 96.5698471  96.63671709 96.43869623 96.28433669 96.53199444 96.50114078
 96.55054565 96.52517757 96.62405158 96.42559856 95.92626243 96.30819474
 96.446071   96.80588211 96.5004784  96.50926794 96.08799553 96.80052505
 97.22553023 96.52431319 96.50232106 96.5582608  96.66932898 96.32914556
 96.41945257 96.61266197 95.8855645  96.51268339 96.02170514 96.43930983
 96.42274864 96.53228884 96.50182875 96.32227275 99.45339844 96.56244226
 96.65860621 96.49296884 96.35914452 96.52789899 96.51543619 96.68707956
 96.39383481 96.55580219 96.26489363 96.53243491 96.50273582 96.52445509
 96.49499983 96.51517491 96.51902831 96.50214434 96.44348584 96.50351386
 96.50926794 96.59936509 96.48459381 96.35671377 96.48949494 96.66602153
 95.86499757 96.51377747 96.1577535  96.58276083 96.59621182 96.32232843
 95.55664705 96.50422213 96.18471117 96.28784834 96.09500816 96.47148888
 96.5438182  96.74208716 96.49444803 96.52220152 96.64874347 96.50518626
 96.50479916 96.03109877 96.47523081 96.50374143 96.44384408 96.19489332
 96.18015866 96.67413487]
最小値:95.55664704909395
入力値:[3, 44]
経過時間:302.7572660446167sec
num_evaluation of BBF = 200.0
 input
[[39, 90], [5, 96], [9, 38], [15, 64], [36, 81], [12, 50], [17, 22], [21, 88], [18, 41], [37, 75], [12, 0], [12, 57], [25, 78], [21, 89], [39, 49]]
 output
 [96.50003699 96.50571335 96.32686723 96.27351784 96.50379385 96.00196526
 96.38752334 96.50666475 96.59474309 96.47839347 96.49709747 96.53691376
 96.4949326  96.50694259 96.44862241]
最小値:96.00196525630874
入力値:[12, 50]
経過時間:70.56285619735718sec
num_evaluation of BBF = 15.0
 input
[[39, 90], [5, 96], [9, 38], [15, 64], [36, 81], [12, 50], [17, 22], [21, 88], [18, 41], [37, 75], [12, 0], [12, 57], [25, 78], [21, 89], [39, 49], [12, 49], [26, 23], [26, 21], [27, 21], [1, 58], [32, 85], [34, 58], [23, 58], [5, 15], [19, 4], [26, 20], [26, 17], [17, 38], [21, 42], [18, 81]]
 output
 [96.50003699 96.50571335 96.32686723 96.27351784 96.50379385 96.00196526
 96.38752334 96.50666475 96.59474309 96.47839347 96.49709747 96.53691376
 96.4949326  96.50694259 96.44862241 96.0052276  95.76206785 95.69053588
 96.66859744 96.57152838 96.51844652 96.57131446 96.4444882  96.91912106
 97.62364655 95.55509269 96.34823693 96.51630023 96.56916646 96.5073984 ]
最小値:95.55509269192063
入力値:[26, 20]
経過時間:72.80115580558777sec
num_evaluation of BBF = 30.0
 input
[[39, 90], [5, 96], [9, 38], [15, 64], [36, 81], [12, 50], [17, 22], [21, 88], [18, 41], [37, 75], [12, 0], [12, 57], [25, 78], [21, 89], [39, 49], [12, 49], [26, 23], [26, 21], [27, 21], [1, 58], [32, 85], [34, 58], [23, 58], [5, 15], [19, 4], [26, 20], [26, 17], [17, 38], [21, 42], [18, 81], [21, 33], [34, 61], [7, 31], [38, 93], [25, 2], [13, 96], [11, 20], [2, 6], [25, 27], [33, 45], [10, 30], [25, 29], [27, 58], [31, 71], [18, 4], [6, 87], [12, 5], [3, 80], [9, 8], [10, 32]]
 output
 [96.50003699 96.50571335 96.32686723 96.27351784 96.50379385 96.00196526
 96.38752334 96.50666475 96.59474309 96.47839347 96.49709747 96.53691376
 96.4949326  96.50694259 96.44862241 96.0052276  95.76206785 95.69053588
 96.66859744 96.57152838 96.51844652 96.57131446 96.4444882  96.91912106
 97.62364655 95.55509269 96.34823693 96.51630023 96.56916646 96.5073984
 96.52602071 96.54969719 96.51581987 96.47271426 96.71126343 96.50485683
 96.31563977 96.41119761 95.98860816 96.57646847 96.33223093 96.14946835
 96.50560731 96.49399973 98.27132711 96.47610598 96.26174954 96.51325516
 96.73828891 96.22355067]
最小値:95.55509269192063
入力値:[26, 20]
経過時間:92.2184362411499sec
num_evaluation of BBF = 50.0
 input
[[39, 90], [5, 96], [9, 38], [15, 64], [36, 81], [12, 50], [17, 22], [21, 88], [18, 41], [37, 75], [12, 0], [12, 57], [25, 78], [21, 89], [39, 49], [12, 49], [26, 23], [26, 21], [27, 21], [1, 58], [32, 85], [34, 58], [23, 58], [5, 15], [19, 4], [26, 20], [26, 17], [17, 38], [21, 42], [18, 81], [21, 33], [34, 61], [7, 31], [38, 93], [25, 2], [13, 96], [11, 20], [2, 6], [25, 27], [33, 45], [10, 30], [25, 29], [27, 58], [31, 71], [18, 4], [6, 87], [12, 5], [3, 80], [9, 8], [10, 32], [21, 33], [34, 61], [7, 31], [38, 93], [25, 2], [17, 90], [26, 43], [33, 91], [12, 80], [29, 5], [34, 7], [11, 35], [38, 54], [27, 1], [24, 29], [0, 0], [26, 96], [36, 5], [25, 1], [4, 55], [5, 40], [21, 75], [17, 9], [27, 67], [21, 78], [9, 44], [25, 93], [16, 74], [13, 37], [25, 21], [26, 26], [9, 52], [15, 51], [39, 27], [0, 96], [9, 56], [0, 33], [0, 20], [33, 25], [35, 22], [37, 24], [39, 19], [0, 23], [35, 31], [33, 18], [31, 24], [35, 17], [39, 23], [39, 20], [0, 44]]
 output
 [96.50003699 96.50571335 96.32686723 96.27351784 96.50379385 96.00196526
 96.38752334 96.50666475 96.59474309 96.47839347 96.49709747 96.53691376
 96.4949326  96.50694259 96.44862241 96.0052276  95.76206785 95.69053588
 96.66859744 96.57152838 96.51844652 96.57131446 96.4444882  96.91912106
 97.62364655 95.55509269 96.34823693 96.51630023 96.56916646 96.5073984
 96.52602071 96.54969719 96.51581987 96.47271426 96.71126343 96.50485683
 96.31563977 96.41119761 95.98860816 96.57646847 96.33223093 96.14946835
 96.50560731 96.49399973 98.27132711 96.47610598 96.26174954 96.51325516
 96.73828891 96.22355067 96.52602071 96.54969719 96.51581987 96.47271426
 96.71126343 96.50831073 96.49458719 96.49750229 96.50114078 96.66012153
 96.43246085 96.47767057 96.56392537 96.46339741 96.45990349 96.49523285
 96.50278039 96.53606685 96.41851777 96.55917314 96.45442924 96.51690452
 98.64895963 96.55752638 96.5124821  95.94500588 96.51715671 96.52145485
 96.44913654 96.35989375 96.95027023 96.53547134 96.61081001 96.64874347
 96.50351386 96.49452988 96.31137213 96.35671377 95.9987972  95.96514411
 96.10652042 96.59064497 96.72560859 96.74765929 96.14602794 96.49469608
 96.64909028 96.14568322 96.74208716 96.26489363]
最小値:95.55509269192063
入力値:[26, 20]
経過時間:240.927832365036sec
num_evaluation of BBF = 100.0
 input
[[39, 90], [5, 96], [9, 38], [15, 64], [36, 81], [12, 50], [17, 22], [21, 88], [18, 41], [37, 75], [12, 0], [12, 57], [25, 78], [21, 89], [39, 49], [12, 49], [26, 23], [26, 21], [27, 21], [1, 58], [32, 85], [34, 58], [23, 58], [5, 15], [19, 4], [26, 20], [26, 17], [17, 38], [21, 42], [18, 81], [21, 33], [34, 61], [7, 31], [38, 93], [25, 2], [13, 96], [11, 20], [2, 6], [25, 27], [33, 45], [10, 30], [25, 29], [27, 58], [31, 71], [18, 4], [6, 87], [12, 5], [3, 80], [9, 8], [10, 32], [21, 33], [34, 61], [7, 31], [38, 93], [25, 2], [17, 90], [26, 43], [33, 91], [12, 80], [29, 5], [34, 7], [11, 35], [38, 54], [27, 1], [24, 29], [0, 0], [26, 96], [36, 5], [25, 1], [4, 55], [5, 40], [21, 75], [17, 9], [27, 67], [21, 78], [9, 44], [25, 93], [16, 74], [13, 37], [25, 21], [26, 26], [9, 52], [15, 51], [39, 27], [0, 96], [9, 56], [0, 33], [0, 20], [33, 25], [35, 22], [37, 24], [39, 19], [0, 23], [35, 31], [33, 18], [31, 24], [35, 17], [39, 23], [39, 20], [0, 44], [24, 20], [8, 73], [1, 48], [0, 28], [39, 65], [0, 83], [0, 69], [39, 63], [39, 12], [0, 18], [0, 13], [19, 61], [9, 96], [39, 1], [30, 96], [30, 37], [0, 46], [39, 50], [0, 94], [0, 76], [0, 25], [0, 63], [0, 66], [39, 47], [39, 39], [0, 39], [1, 50], [34, 23], [32, 0], [5, 0], [39, 38], [0, 72], [28, 83], [5, 68], [35, 96], [12, 68], [30, 55], [14, 28], [0, 60], [0, 86], [39, 70], [29, 17], [19, 96], [11, 44], [11, 45], [3, 31], [37, 40], [7, 46], [9, 84], [24, 47]]
 output
 [96.50003699 96.50571335 96.32686723 96.27351784 96.50379385 96.00196526
 96.38752334 96.50666475 96.59474309 96.47839347 96.49709747 96.53691376
 96.4949326  96.50694259 96.44862241 96.0052276  95.76206785 95.69053588
 96.66859744 96.57152838 96.51844652 96.57131446 96.4444882  96.91912106
 97.62364655 95.55509269 96.34823693 96.51630023 96.56916646 96.5073984
 96.52602071 96.54969719 96.51581987 96.47271426 96.71126343 96.50485683
 96.31563977 96.41119761 95.98860816 96.57646847 96.33223093 96.14946835
 96.50560731 96.49399973 98.27132711 96.47610598 96.26174954 96.51325516
 96.73828891 96.22355067 96.52602071 96.54969719 96.51581987 96.47271426
 96.71126343 96.50831073 96.49458719 96.49750229 96.50114078 96.66012153
 96.43246085 96.47767057 96.56392537 96.46339741 96.45990349 96.49523285
 96.50278039 96.53606685 96.41851777 96.55917314 96.45442924 96.51690452
 98.64895963 96.55752638 96.5124821  95.94500588 96.51715671 96.52145485
 96.44913654 96.35989375 96.95027023 96.53547134 96.61081001 96.64874347
 96.50351386 96.49452988 96.31137213 96.35671377 95.9987972  95.96514411
 96.10652042 96.59064497 96.72560859 96.74765929 96.14602794 96.49469608
 96.64909028 96.14568322 96.74208716 96.26489363 96.74636082 96.46850786
 96.60143883 96.28416807 96.50367767 96.50438485 96.50670673 96.50356411
 96.29720442 96.4638994  96.81417482 96.45237288 96.50541096 96.48894004
 96.50319625 96.69978069 96.5199742  96.50422213 96.51232311 96.52858507
 96.52079724 96.50068002 96.47612738 96.44169179 96.03109877 96.6589334
 96.53777352 96.76810307 96.5055838  96.49277876 96.22661759 96.5447877
 96.50266551 96.53590331 96.50315409 96.6317626  96.52377193 96.50444483
 96.45598671 96.50387979 96.58412507 96.6243096  96.50278665 95.84796645
 95.92177594 96.57055925 96.61020623 96.47811501 96.49152428 96.51972126]
最小値:95.55509269192063
入力値:[26, 20]
経過時間:279.3756642341614sec
num_evaluation of BBF = 150.0
 input
[[39, 90], [5, 96], [9, 38], [15, 64], [36, 81], [12, 50], [17, 22], [21, 88], [18, 41], [37, 75], [12, 0], [12, 57], [25, 78], [21, 89], [39, 49], [12, 49], [26, 23], [26, 21], [27, 21], [1, 58], [32, 85], [34, 58], [23, 58], [5, 15], [19, 4], [26, 20], [26, 17], [17, 38], [21, 42], [18, 81], [21, 33], [34, 61], [7, 31], [38, 93], [25, 2], [13, 96], [11, 20], [2, 6], [25, 27], [33, 45], [10, 30], [25, 29], [27, 58], [31, 71], [18, 4], [6, 87], [12, 5], [3, 80], [9, 8], [10, 32], [21, 33], [34, 61], [7, 31], [38, 93], [25, 2], [17, 90], [26, 43], [33, 91], [12, 80], [29, 5], [34, 7], [11, 35], [38, 54], [27, 1], [24, 29], [0, 0], [26, 96], [36, 5], [25, 1], [4, 55], [5, 40], [21, 75], [17, 9], [27, 67], [21, 78], [9, 44], [25, 93], [16, 74], [13, 37], [25, 21], [26, 26], [9, 52], [15, 51], [39, 27], [0, 96], [9, 56], [0, 33], [0, 20], [33, 25], [35, 22], [37, 24], [39, 19], [0, 23], [35, 31], [33, 18], [31, 24], [35, 17], [39, 23], [39, 20], [0, 44], [24, 20], [8, 73], [1, 48], [0, 28], [39, 65], [0, 83], [0, 69], [39, 63], [39, 12], [0, 18], [0, 13], [19, 61], [9, 96], [39, 1], [30, 96], [30, 37], [0, 46], [39, 50], [0, 94], [0, 76], [0, 25], [0, 63], [0, 66], [39, 47], [39, 39], [0, 39], [1, 50], [34, 23], [32, 0], [5, 0], [39, 38], [0, 72], [28, 83], [5, 68], [35, 96], [12, 68], [30, 55], [14, 28], [0, 60], [0, 86], [39, 70], [29, 17], [19, 96], [11, 44], [11, 45], [3, 31], [37, 40], [7, 46], [9, 84], [24, 47], [13, 45], [26, 23], [27, 75], [28, 24], [10, 46], [3, 95], [34, 58], [12, 43], [15, 96], [23, 95], [24, 68], [33, 47], [34, 75], [17, 60], [21, 56], [32, 12], [32, 13], [31, 11], [13, 16], [14, 83], [11, 96], [7, 0], [32, 17], [34, 0], [28, 96], [10, 0], [3, 0], [30, 0], [18, 70], [15, 41], [39, 81], [7, 62], [9, 20], [37, 0], [7, 96], [28, 46], [32, 96], [30, 79], [18, 52], [14, 57], [5, 78], [24, 38], [30, 64], [10, 69], [39, 96], [25, 22], [29, 12], [37, 53], [1, 61], [18, 29]]
 output
 [96.50003699 96.50571335 96.32686723 96.27351784 96.50379385 96.00196526
 96.38752334 96.50666475 96.59474309 96.47839347 96.49709747 96.53691376
 96.4949326  96.50694259 96.44862241 96.0052276  95.76206785 95.69053588
 96.66859744 96.57152838 96.51844652 96.57131446 96.4444882  96.91912106
 97.62364655 95.55509269 96.34823693 96.51630023 96.56916646 96.5073984
 96.52602071 96.54969719 96.51581987 96.47271426 96.71126343 96.50485683
 96.31563977 96.41119761 95.98860816 96.57646847 96.33223093 96.14946835
 96.50560731 96.49399973 98.27132711 96.47610598 96.26174954 96.51325516
 96.73828891 96.22355067 96.52602071 96.54969719 96.51581987 96.47271426
 96.71126343 96.50831073 96.49458719 96.49750229 96.50114078 96.66012153
 96.43246085 96.47767057 96.56392537 96.46339741 96.45990349 96.49523285
 96.50278039 96.53606685 96.41851777 96.55917314 96.45442924 96.51690452
 98.64895963 96.55752638 96.5124821  95.94500588 96.51715671 96.52145485
 96.44913654 96.35989375 96.95027023 96.53547134 96.61081001 96.64874347
 96.50351386 96.49452988 96.31137213 96.35671377 95.9987972  95.96514411
 96.10652042 96.59064497 96.72560859 96.74765929 96.14602794 96.49469608
 96.64909028 96.14568322 96.74208716 96.26489363 96.74636082 96.46850786
 96.60143883 96.28416807 96.50367767 96.50438485 96.50670673 96.50356411
 96.29720442 96.4638994  96.81417482 96.45237288 96.50541096 96.48894004
 96.50319625 96.69978069 96.5199742  96.50422213 96.51232311 96.52858507
 96.52079724 96.50068002 96.47612738 96.44169179 96.03109877 96.6589334
 96.53777352 96.76810307 96.5055838  96.49277876 96.22661759 96.5447877
 96.50266551 96.53590331 96.50315409 96.6317626  96.52377193 96.50444483
 96.45598671 96.50387979 96.58412507 96.6243096  96.50278665 95.84796645
 95.92177594 96.57055925 96.61020623 96.47811501 96.49152428 96.51972126
 96.02444185 95.76206785 96.49773566 96.88256098 96.50113591 96.5103371
 96.57131446 96.31673934 96.5044905  96.49665955 96.4703041  96.61115046
 96.45654399 96.3118591  96.46648265 95.76090975 96.0059396  96.15613403
 96.91307481 96.51158199 96.50545683 96.49664122 97.02150733 96.50351097
 96.50298624 96.49634428 96.49593934 96.49926049 96.54288921 96.60256223
 96.49466847 96.54884604 96.25760503 96.50027707 96.50584937 96.62780348
 96.50328828 96.50926794 96.39126873 96.45695445 96.50686201 96.5312706
 96.3950071  96.45436472 96.5033899  97.04825314 96.63016305 96.5413324
 96.51975332 96.44975645]
最小値:95.55509269192063
入力値:[26, 20]
経過時間:310.9440793991089sec
num_evaluation of BBF = 200.0
 input
[[7, 89], [37, 47], [13, 15], [27, 12], [19, 61], [32, 66], [19, 56], [28, 25], [21, 39], [7, 93], [27, 10], [27, 13], [29, 61], [28, 12], [25, 74]]
 output
 [96.47658121 96.56860687 96.94175388 95.74541751 96.45237288 96.49854984
 96.5621787  96.52569234 96.49009265 96.50756058 96.19739856 95.83322844
 96.42488947 96.72684998 96.48765279]
最小値:95.74541751333823
入力値:[27, 12]
経過時間:67.8874294757843sec
num_evaluation of BBF = 15.0
 input
[[7, 89], [37, 47], [13, 15], [27, 12], [19, 61], [32, 66], [19, 56], [28, 25], [21, 39], [7, 93], [27, 10], [27, 13], [29, 61], [28, 12], [25, 74], [28, 43], [29, 1], [27, 6], [9, 69], [4, 94], [1, 73], [6, 33], [26, 8], [3, 37], [8, 64], [13, 72], [39, 57], [0, 64], [7, 59], [28, 48]]
 output
 [96.47658121 96.56860687 96.94175388 95.74541751 96.45237288 96.49854984
 96.5621787  96.52569234 96.49009265 96.50756058 96.19739856 95.83322844
 96.42488947 96.72684998 96.48765279 96.6406879  96.48647773 96.37074945
 96.64276215 96.50079278 96.45951391 96.58381639 96.0723007  96.32227275
 96.68827184 96.50800166 96.52204898 96.49444803 96.56977506 96.51813289]
最小値:95.74541751333823
入力値:[27, 12]
経過時間:69.23465752601624sec
num_evaluation of BBF = 30.0
 input
[[7, 89], [37, 47], [13, 15], [27, 12], [19, 61], [32, 66], [19, 56], [28, 25], [21, 39], [7, 93], [27, 10], [27, 13], [29, 61], [28, 12], [25, 74], [28, 43], [29, 1], [27, 6], [9, 69], [4, 94], [1, 73], [6, 33], [26, 8], [3, 37], [8, 64], [13, 72], [39, 57], [0, 64], [7, 59], [28, 48], [28, 43], [29, 1], [24, 35], [35, 19], [9, 56], [24, 63], [18, 79], [27, 24], [23, 49], [20, 83], [22, 62], [2, 27], [14, 22], [24, 16], [18, 42], [35, 52], [2, 64], [25, 11], [22, 43], [16, 53]]
 output
 [96.47658121 96.56860687 96.94175388 95.74541751 96.45237288 96.49854984
 96.5621787  96.52569234 96.49009265 96.50756058 96.19739856 95.83322844
 96.42488947 96.72684998 96.48765279 96.6406879  96.48647773 96.37074945
 96.64276215 96.50079278 96.45951391 96.58381639 96.0723007  96.32227275
 96.68827184 96.50800166 96.52204898 96.49444803 96.56977506 96.51813289
 96.6406879  96.48647773 96.50204341 96.61061855 96.49452988 96.57612229
 96.50795178 95.83373448 96.52569518 96.50952104 96.41951018 96.24311775
 96.2536309  96.99293645 96.63746088 96.52187036 96.55423431 96.41025777
 96.38440614 96.41405614]
最小値:95.74541751333823
入力値:[27, 12]
経過時間:94.89638257026672sec
num_evaluation of BBF = 50.0
 input
[[7, 89], [37, 47], [13, 15], [27, 12], [19, 61], [32, 66], [19, 56], [28, 25], [21, 39], [7, 93], [27, 10], [27, 13], [29, 61], [28, 12], [25, 74], [28, 43], [29, 1], [27, 6], [9, 69], [4, 94], [1, 73], [6, 33], [26, 8], [3, 37], [8, 64], [13, 72], [39, 57], [0, 64], [7, 59], [28, 48], [28, 43], [29, 1], [24, 35], [35, 19], [9, 56], [24, 63], [18, 79], [27, 24], [23, 49], [20, 83], [22, 62], [2, 27], [14, 22], [24, 16], [18, 42], [35, 52], [2, 64], [25, 11], [22, 43], [16, 53], [28, 43], [29, 1], [24, 35], [35, 19], [9, 56], [24, 63], [18, 79], [27, 24], [23, 49], [20, 83], [22, 62], [2, 27], [14, 22], [24, 16], [18, 42], [35, 52], [2, 64], [25, 11], [22, 43], [16, 53], [20, 46], [5, 81], [12, 5], [15, 76], [11, 63], [5, 52], [28, 79], [24, 26], [24, 27], [24, 25], [2, 63], [36, 7], [18, 36], [32, 56], [7, 53], [20, 50], [35, 60], [38, 19], [39, 58], [36, 18], [31, 61], [26, 18], [27, 23], [27, 25], [38, 8], [36, 43], [26, 17], [26, 19], [31, 33], [31, 34]]
 output
 [96.47658121 96.56860687 96.94175388 95.74541751 96.45237288 96.49854984
 96.5621787  96.52569234 96.49009265 96.50756058 96.19739856 95.83322844
 96.42488947 96.72684998 96.48765279 96.6406879  96.48647773 96.37074945
 96.64276215 96.50079278 96.45951391 96.58381639 96.0723007  96.32227275
 96.68827184 96.50800166 96.52204898 96.49444803 96.56977506 96.51813289
 96.6406879  96.48647773 96.50204341 96.61061855 96.49452988 96.57612229
 96.50795178 95.83373448 96.52569518 96.50952104 96.41951018 96.24311775
 96.2536309  96.99293645 96.63746088 96.52187036 96.55423431 96.41025777
 96.38440614 96.41405614 96.6406879  96.48647773 96.50204341 96.61061855
 96.49452988 96.57612229 96.50795178 95.83373448 96.52569518 96.50952104
 96.41951018 96.24311775 96.2536309  96.99293645 96.63746088 96.52187036
 96.55423431 96.41025777 96.38440614 96.41405614 96.48242588 96.50700473
 96.26174954 96.51868984 96.68123573 96.52551494 96.49713553 95.78125967
 95.95019333 96.03237126 96.54090302 96.42512948 96.5558662  96.48082498
 96.58039643 96.47485481 96.55183046 96.70592619 96.52302339 96.27863767
 96.54531347 96.01644211 96.18049327 95.92626243 96.52649145 96.50474741
 96.34823693 95.90643845 95.86828005 96.1571232 ]
最小値:95.74541751333823
入力値:[27, 12]
経過時間:268.6180953979492sec
num_evaluation of BBF = 100.0
 input
[[7, 89], [37, 47], [13, 15], [27, 12], [19, 61], [32, 66], [19, 56], [28, 25], [21, 39], [7, 93], [27, 10], [27, 13], [29, 61], [28, 12], [25, 74], [28, 43], [29, 1], [27, 6], [9, 69], [4, 94], [1, 73], [6, 33], [26, 8], [3, 37], [8, 64], [13, 72], [39, 57], [0, 64], [7, 59], [28, 48], [28, 43], [29, 1], [24, 35], [35, 19], [9, 56], [24, 63], [18, 79], [27, 24], [23, 49], [20, 83], [22, 62], [2, 27], [14, 22], [24, 16], [18, 42], [35, 52], [2, 64], [25, 11], [22, 43], [16, 53], [28, 43], [29, 1], [24, 35], [35, 19], [9, 56], [24, 63], [18, 79], [27, 24], [23, 49], [20, 83], [22, 62], [2, 27], [14, 22], [24, 16], [18, 42], [35, 52], [2, 64], [25, 11], [22, 43], [16, 53], [20, 46], [5, 81], [12, 5], [15, 76], [11, 63], [5, 52], [28, 79], [24, 26], [24, 27], [24, 25], [2, 63], [36, 7], [18, 36], [32, 56], [7, 53], [20, 50], [35, 60], [38, 19], [39, 58], [36, 18], [31, 61], [26, 18], [27, 23], [27, 25], [38, 8], [36, 43], [26, 17], [26, 19], [31, 33], [31, 34], [31, 32], [12, 70], [27, 64], [9, 69], [4, 94], [1, 73], [6, 33], [26, 8], [3, 37], [8, 64], [13, 72], [39, 57], [0, 64], [7, 59], [28, 48], [27, 5], [9, 42], [33, 20], [31, 30], [11, 29], [14, 37], [2, 75], [6, 43], [27, 90], [38, 45], [24, 67], [19, 40], [21, 90], [9, 80], [7, 11], [35, 65], [24, 28], [20, 66], [15, 47], [6, 50], [29, 76], [6, 67], [21, 91], [22, 9], [24, 79], [5, 3], [9, 73], [20, 9], [32, 8], [24, 4], [6, 47], [12, 25], [37, 42], [24, 30], [6, 10]]
 output
 [96.47658121 96.56860687 96.94175388 95.74541751 96.45237288 96.49854984
 96.5621787  96.52569234 96.49009265 96.50756058 96.19739856 95.83322844
 96.42488947 96.72684998 96.48765279 96.6406879  96.48647773 96.37074945
 96.64276215 96.50079278 96.45951391 96.58381639 96.0723007  96.32227275
 96.68827184 96.50800166 96.52204898 96.49444803 96.56977506 96.51813289
 96.6406879  96.48647773 96.50204341 96.61061855 96.49452988 96.57612229
 96.50795178 95.83373448 96.52569518 96.50952104 96.41951018 96.24311775
 96.2536309  96.99293645 96.63746088 96.52187036 96.55423431 96.41025777
 96.38440614 96.41405614 96.6406879  96.48647773 96.50204341 96.61061855
 96.49452988 96.57612229 96.50795178 95.83373448 96.52569518 96.50952104
 96.41951018 96.24311775 96.2536309  96.99293645 96.63746088 96.52187036
 96.55423431 96.41025777 96.38440614 96.41405614 96.48242588 96.50700473
 96.26174954 96.51868984 96.68123573 96.52551494 96.49713553 95.78125967
 95.95019333 96.03237126 96.54090302 96.42512948 96.5558662  96.48082498
 96.58039643 96.47485481 96.55183046 96.70592619 96.52302339 96.27863767
 96.54531347 96.01644211 96.18049327 95.92626243 96.52649145 96.50474741
 96.34823693 95.90643845 95.86828005 96.1571232  96.04946434 96.58684712
 96.54196651 96.64276215 96.50079278 96.45951391 96.58381639 96.0723007
 96.32227275 96.68827184 96.50800166 96.52204898 96.49444803 96.56977506
 96.51813289 96.56152914 96.57470031 96.95624368 96.54363127 96.33002718
 96.54917679 96.49541657 96.33826078 96.53227494 96.14176766 96.47363022
 96.44749253 96.51148694 96.49345173 96.92511793 96.47590774 96.20164158
 96.561187   96.47557837 96.52927838 96.50509153 96.60640591 96.51890673
 97.22722064 96.50037682 96.45090094 96.53710473 93.72272694 96.30647236
 96.8489123  96.55925933 96.44869956 96.06009224 96.58970248 96.70743352]
最小値:93.72272694402274
入力値:[20, 9]
経過時間:289.42293214797974sec
num_evaluation of BBF = 150.0
 input
[[7, 89], [37, 47], [13, 15], [27, 12], [19, 61], [32, 66], [19, 56], [28, 25], [21, 39], [7, 93], [27, 10], [27, 13], [29, 61], [28, 12], [25, 74], [28, 43], [29, 1], [27, 6], [9, 69], [4, 94], [1, 73], [6, 33], [26, 8], [3, 37], [8, 64], [13, 72], [39, 57], [0, 64], [7, 59], [28, 48], [28, 43], [29, 1], [24, 35], [35, 19], [9, 56], [24, 63], [18, 79], [27, 24], [23, 49], [20, 83], [22, 62], [2, 27], [14, 22], [24, 16], [18, 42], [35, 52], [2, 64], [25, 11], [22, 43], [16, 53], [28, 43], [29, 1], [24, 35], [35, 19], [9, 56], [24, 63], [18, 79], [27, 24], [23, 49], [20, 83], [22, 62], [2, 27], [14, 22], [24, 16], [18, 42], [35, 52], [2, 64], [25, 11], [22, 43], [16, 53], [20, 46], [5, 81], [12, 5], [15, 76], [11, 63], [5, 52], [28, 79], [24, 26], [24, 27], [24, 25], [2, 63], [36, 7], [18, 36], [32, 56], [7, 53], [20, 50], [35, 60], [38, 19], [39, 58], [36, 18], [31, 61], [26, 18], [27, 23], [27, 25], [38, 8], [36, 43], [26, 17], [26, 19], [31, 33], [31, 34], [31, 32], [12, 70], [27, 64], [9, 69], [4, 94], [1, 73], [6, 33], [26, 8], [3, 37], [8, 64], [13, 72], [39, 57], [0, 64], [7, 59], [28, 48], [27, 5], [9, 42], [33, 20], [31, 30], [11, 29], [14, 37], [2, 75], [6, 43], [27, 90], [38, 45], [24, 67], [19, 40], [21, 90], [9, 80], [7, 11], [35, 65], [24, 28], [20, 66], [15, 47], [6, 50], [29, 76], [6, 67], [21, 91], [22, 9], [24, 79], [5, 3], [9, 73], [20, 9], [32, 8], [24, 4], [6, 47], [12, 25], [37, 42], [24, 30], [6, 10], [28, 43], [29, 1], [24, 35], [35, 19], [9, 56], [24, 63], [18, 79], [27, 24], [23, 49], [20, 83], [22, 62], [2, 27], [14, 22], [24, 16], [18, 42], [35, 52], [2, 64], [25, 11], [22, 43], [16, 53], [20, 46], [5, 81], [12, 5], [15, 76], [11, 63], [5, 52], [28, 79], [24, 26], [18, 92], [13, 79], [24, 54], [4, 78], [1, 89], [0, 17], [39, 43], [28, 34], [21, 46], [13, 62], [38, 96], [11, 3], [15, 67], [31, 73], [13, 12], [5, 55], [15, 64], [26, 17], [13, 88], [21, 27], [38, 30], [9, 50]]
 output
 [96.47658121 96.56860687 96.94175388 95.74541751 96.45237288 96.49854984
 96.5621787  96.52569234 96.49009265 96.50756058 96.19739856 95.83322844
 96.42488947 96.72684998 96.48765279 96.6406879  96.48647773 96.37074945
 96.64276215 96.50079278 96.45951391 96.58381639 96.0723007  96.32227275
 96.68827184 96.50800166 96.52204898 96.49444803 96.56977506 96.51813289
 96.6406879  96.48647773 96.50204341 96.61061855 96.49452988 96.57612229
 96.50795178 95.83373448 96.52569518 96.50952104 96.41951018 96.24311775
 96.2536309  96.99293645 96.63746088 96.52187036 96.55423431 96.41025777
 96.38440614 96.41405614 96.6406879  96.48647773 96.50204341 96.61061855
 96.49452988 96.57612229 96.50795178 95.83373448 96.52569518 96.50952104
 96.41951018 96.24311775 96.2536309  96.99293645 96.63746088 96.52187036
 96.55423431 96.41025777 96.38440614 96.41405614 96.48242588 96.50700473
 96.26174954 96.51868984 96.68123573 96.52551494 96.49713553 95.78125967
 95.95019333 96.03237126 96.54090302 96.42512948 96.5558662  96.48082498
 96.58039643 96.47485481 96.55183046 96.70592619 96.52302339 96.27863767
 96.54531347 96.01644211 96.18049327 95.92626243 96.52649145 96.50474741
 96.34823693 95.90643845 95.86828005 96.1571232  96.04946434 96.58684712
 96.54196651 96.64276215 96.50079278 96.45951391 96.58381639 96.0723007
 96.32227275 96.68827184 96.50800166 96.52204898 96.49444803 96.56977506
 96.51813289 96.56152914 96.57470031 96.95624368 96.54363127 96.33002718
 96.54917679 96.49541657 96.33826078 96.53227494 96.14176766 96.47363022
 96.44749253 96.51148694 96.49345173 96.92511793 96.47590774 96.20164158
 96.561187   96.47557837 96.52927838 96.50509153 96.60640591 96.51890673
 97.22722064 96.50037682 96.45090094 96.53710473 93.72272694 96.30647236
 96.8489123  96.55925933 96.44869956 96.06009224 96.58970248 96.70743352
 96.6406879  96.48647773 96.50204341 96.61061855 96.49452988 96.57612229
 96.50795178 95.83373448 96.52569518 96.50952104 96.41951018 96.24311775
 96.2536309  96.99293645 96.63746088 96.52187036 96.55423431 96.41025777
 96.38440614 96.41405614 96.48242588 96.50700473 96.26174954 96.51868984
 96.68123573 96.52551494 96.49713553 95.78125967 96.5209305  96.51242518
 96.51822014 96.52605543 96.49660607 96.84042989 96.55683386 96.38682502
 96.50784709 96.69579221 96.50326299 96.46844017 96.54907093 96.52166212
 97.20896743 96.53819426 96.27351784 96.34823693 96.50490652 96.44702443
 96.42820392 96.41657284]
最小値:93.72272694402274
入力値:[20, 9]
経過時間:314.5968396663666sec
num_evaluation of BBF = 200.0