
BO_ratio_matrix = 
[[99.13658963 99.10507978 98.84023953]
 [99.13658963 98.64376276 98.84023953]
 [98.9461032  98.64376276 98.84023953]
 [98.87980758 98.64376276 98.84023953]
 [98.87980758 98.64376276 96.75216863]
 [98.64536736 98.64376276 96.75216863]]
RS_ratio_matrix = 
[[98.71149274 99.33699365 99.19618231]
 [98.13231611 99.10507978 99.19618231]
 [98.13231611 99.01630185 99.19618231]
 [98.13231611 99.01630185 99.05460775]
 [98.13231611 99.01630185 99.05460775]
 [98.13231611 99.01630185 99.05057969]]
Mean Accumulated PREC(%) 3 times; BBF=[ 15.  30.  50. 100. 150. 200.]
BO_vec=array([99.02730298, 98.87353064, 98.81003516, 98.78793662, 98.09191299,
       98.01376625])
RS_vec=array([99.08155624, 98.81119273, 98.78160009, 98.73440857, 98.73440857,
       98.73306588])
Median Accumulated PREC(%) 3 times; BBF=[ 15.  30.  50. 100. 150. 200.]
BO_vec=array([99.10507978, 98.84023953, 98.84023953, 98.84023953, 98.64376276,
       98.64376276])
RS_vec=array([99.19618231, 99.10507978, 99.01630185, 99.01630185, 99.01630185,
       99.01630185])
Min Accumulated PREC(%) 3 times; BBF=[ 15.  30.  50. 100. 150. 200.]
BO_vec=array([98.84023953, 98.64376276, 98.64376276, 98.64376276, 96.75216863,
       96.75216863])
RS_vec=array([98.71149274, 98.13231611, 98.13231611, 98.13231611, 98.13231611,
       98.13231611])
Max Accumulated PREC(%) 3 times; BBF=[ 15.  30.  50. 100. 150. 200.]
BO_vec=array([99.13658963, 99.13658963, 98.9461032 , 98.87980758, 98.87980758,
       98.64536736])
RS_vec=array([99.33699365, 99.19618231, 99.19618231, 99.05460775, 99.05460775,
       99.05057969])