
 input_history 
[[0, 67], [3, 9], [19, 21], [36, 87], [6, 88], [24, 12], [1, 39], [23, 46], [24, 81], [37, 25], [13, 72], [9, 20], [16, 69], [15, 47], [0, 82]]
最小値:82.04390807504082
入力値:[24, 12]
経過時間:61.30510926246643sec
num_evaluation of BBF = 15.0
 input_history 
[[9, 20], [16, 69], [15, 47], [0, 82], [35, 88], [29, 19], [19, 14], [39, 32], [1, 9], [32, 31], [10, 23], [35, 75], [28, 34], [0, 0], [36, 53]]
最小値:82.04390807504082
入力値:[24, 12]
経過時間:60.06075096130371sec
num_evaluation of BBF = 30.0
 input_history 
[[35, 75], [28, 34], [0, 0], [36, 53], [5, 38], [17, 79], [4, 42], [31, 1], [1, 41], [35, 11], [18, 91], [0, 14], [35, 53], [12, 42], [20, 75], [4, 6], [4, 47], [3, 76], [36, 52], [14, 15]]
最小値:81.77045036819833
入力値:[35, 11]
経過時間:78.368497133255sec
num_evaluation of BBF = 50.0
 input_history 
[[20, 75], [4, 6], [4, 47], [3, 76], [36, 52], [14, 15], [20, 58], [23, 79], [13, 85], [5, 41], [35, 64], [31, 69], [30, 0], [36, 34], [29, 3], [34, 42], [13, 21], [9, 0], [10, 43], [23, 59], [2, 62], [35, 94], [3, 82], [35, 20], [17, 50], [27, 14], [1, 36], [10, 86], [11, 2], [16, 32], [0, 38], [19, 46], [13, 30], [24, 2], [3, 94], [34, 13], [8, 19], [31, 72], [26, 66], [3, 61], [14, 96], [4, 67], [11, 86], [13, 75], [16, 24], [29, 21], [25, 80], [19, 33], [32, 70], [21, 31]]
最小値:70.87752507544526
入力値:[34, 13]
経過時間:210.2556459903717sec
num_evaluation of BBF = 100.0
 input_history 
[[2, 3], [30, 13], [8, 19], [31, 72], [26, 66], [3, 61], [14, 96], [4, 67], [11, 86], [13, 75], [16, 24], [29, 21], [25, 80], [19, 33], [32, 70], [21, 31], [13, 71], [24, 79], [18, 40], [15, 11], [38, 93], [1, 95], [24, 24], [3, 82], [3, 76], [38, 35], [22, 61], [5, 87], [32, 11], [20, 10], [37, 28], [2, 27], [19, 89], [23, 53], [20, 53], [29, 67], [35, 39], [9, 73], [23, 3], [26, 50], [3, 31], [9, 10], [27, 45], [7, 39], [21, 44], [34, 34], [24, 33], [5, 36], [0, 75], [34, 69]]
最小値:70.87752507544526
入力値:[34, 13]
経過時間:202.30278277397156sec
num_evaluation of BBF = 150.0
 input_history 
[[28, 2], [27, 83], [25, 23], [20, 53], [29, 67], [35, 39], [9, 73], [23, 3], [26, 50], [3, 31], [9, 10], [27, 45], [7, 39], [21, 44], [34, 34], [24, 33], [5, 36], [0, 75], [34, 69], [16, 62], [8, 61], [1, 81], [35, 91], [36, 48], [25, 67], [39, 35], [30, 29], [33, 18], [17, 93], [20, 2], [5, 12], [2, 91], [21, 39], [39, 75], [22, 30], [17, 70], [7, 18], [28, 43], [19, 49], [29, 46], [21, 73], [25, 96], [27, 73], [28, 81], [0, 86], [16, 36], [30, 24], [3, 51], [8, 56], [27, 93]]
最小値:70.87752507544526
入力値:[34, 13]
経過時間:203.37732076644897sec
num_evaluation of BBF = 200.0
 input_history 
[[37, 12], [8, 9], [11, 5], [15, 64], [16, 1], [12, 71], [6, 25], [20, 18], [20, 11], [28, 29], [14, 50], [4, 87], [23, 94], [32, 86], [13, 9]]
最小値:60.91592637459618
入力値:[13, 9]
経過時間:61.53435516357422sec
num_evaluation of BBF = 15.0
 input_history 
[[4, 87], [23, 94], [32, 86], [13, 9], [7, 63], [22, 57], [1, 0], [17, 8], [24, 13], [8, 30], [7, 3], [6, 21], [3, 68], [24, 43], [12, 26]]
最小値:60.91592637459618
入力値:[13, 9]
経過時間:60.29250240325928sec
num_evaluation of BBF = 30.0
 input_history 
[[30, 71], [3, 70], [21, 49], [3, 68], [24, 43], [12, 26], [16, 41], [18, 15], [0, 68], [25, 87], [7, 26], [25, 22], [9, 67], [39, 23], [36, 27], [37, 57], [19, 38], [8, 32], [34, 10], [23, 15]]
最小値:59.98670750215327
入力値:[23, 15]
経過時間:82.1431770324707sec
num_evaluation of BBF = 50.0
 input_history 
[[37, 57], [19, 38], [8, 32], [34, 10], [23, 15], [23, 25], [7, 92], [10, 62], [32, 88], [23, 55], [1, 77], [3, 0], [13, 6], [21, 70], [2, 76], [27, 21], [11, 7], [13, 72], [11, 76], [20, 30], [36, 7], [4, 57], [18, 96], [13, 10], [23, 81], [7, 24], [10, 92], [20, 32], [12, 65], [30, 60], [24, 82], [33, 2], [28, 10], [32, 82], [22, 70], [2, 71], [39, 48], [15, 5], [17, 42], [20, 48], [22, 13], [33, 53], [20, 10], [32, 55], [25, 21], [39, 96], [19, 25], [14, 13], [20, 43], [6, 77]]
最小値:57.14852720935767
入力値:[15, 5]
経過時間:202.8073432445526sec
num_evaluation of BBF = 100.0
 input_history 
[[20, 48], [22, 13], [33, 53], [20, 10], [32, 55], [25, 21], [39, 96], [19, 25], [14, 13], [20, 43], [6, 77], [15, 24], [9, 66], [7, 53], [5, 36], [37, 21], [13, 91], [13, 40], [14, 45], [23, 16], [28, 45], [3, 66], [14, 46], [0, 29], [11, 35], [29, 33], [2, 84], [19, 48], [32, 28], [18, 31], [28, 94], [10, 8], [35, 32], [8, 84], [13, 50], [15, 41], [0, 83], [24, 20], [15, 30], [27, 14], [19, 26], [22, 7], [35, 53], [34, 32], [19, 67], [24, 83], [37, 94], [38, 47], [39, 5], [15, 63]]
最小値:57.14852720935767
入力値:[15, 5]
経過時間:204.41900610923767sec
num_evaluation of BBF = 150.0
 input_history 
[[24, 20], [15, 30], [27, 14], [19, 26], [22, 7], [35, 53], [34, 32], [19, 67], [24, 83], [37, 94], [38, 47], [39, 5], [15, 63], [23, 32], [10, 66], [24, 30], [17, 68], [0, 60], [14, 17], [39, 35], [17, 28], [22, 38], [10, 77], [6, 25], [38, 48], [0, 86], [16, 19], [9, 92], [10, 68], [23, 14], [21, 46], [3, 56], [24, 80], [15, 71], [14, 77], [15, 25], [20, 58], [21, 29], [37, 22], [27, 54], [12, 12], [26, 76], [7, 87], [39, 43], [12, 38], [27, 69], [34, 33], [26, 56], [5, 73], [25, 27]]
最小値:57.14852720935767
入力値:[15, 5]
経過時間:208.24031710624695sec
num_evaluation of BBF = 200.0
 input_history 
[[15, 72], [22, 43], [18, 75], [7, 34], [31, 75], [21, 47], [31, 90], [20, 37], [39, 67], [38, 4], [39, 38], [33, 58], [3, 69], [24, 68], [6, 95]]
最小値:84.70644402474743
入力値:[38, 4]
経過時間:61.813231229782104sec
num_evaluation of BBF = 15.0
 input_history 
[[39, 38], [33, 58], [3, 69], [24, 68], [6, 95], [19, 31], [2, 80], [12, 50], [4, 90], [15, 49], [39, 46], [8, 50], [15, 8], [17, 22], [9, 57]]
最小値:71.04053466804463
入力値:[15, 8]
経過時間:62.98731184005737sec
num_evaluation of BBF = 30.0
 input_history 
[[8, 50], [15, 8], [17, 22], [9, 57], [26, 62], [19, 96], [32, 26], [8, 76], [10, 40], [34, 60], [9, 70], [22, 70], [19, 56], [18, 1], [4, 40], [17, 61], [6, 18], [20, 90], [23, 22], [37, 74]]
最小値:71.04053466804463
入力値:[15, 8]
経過時間:83.67879152297974sec
num_evaluation of BBF = 50.0
 input_history 
[[6, 19], [18, 1], [4, 40], [17, 61], [6, 18], [20, 90], [23, 22], [37, 74], [8, 90], [35, 91], [32, 16], [21, 43], [29, 80], [6, 74], [37, 59], [17, 15], [30, 77], [26, 39], [20, 22], [36, 27], [0, 62], [28, 36], [11, 50], [9, 7], [18, 1], [15, 91], [32, 49], [9, 78], [30, 95], [32, 16], [21, 43], [34, 21], [19, 92], [33, 8], [22, 88], [11, 1], [5, 59], [7, 80], [28, 79], [17, 37], [31, 34], [16, 42], [36, 22], [19, 95], [17, 45], [8, 37], [9, 21], [36, 39], [39, 83], [26, 36]]
最小値:70.06417364975694
入力値:[33, 8]
経過時間:203.64466285705566sec
num_evaluation of BBF = 100.0
 input_history 
[[19, 92], [33, 8], [22, 88], [11, 1], [5, 59], [7, 80], [28, 79], [17, 37], [31, 34], [16, 42], [36, 22], [19, 95], [17, 45], [8, 37], [9, 21], [36, 39], [39, 83], [26, 36], [38, 19], [8, 78], [27, 67], [15, 2], [22, 5], [5, 82], [37, 93], [12, 92], [6, 44], [5, 16], [5, 52], [26, 83], [39, 25], [36, 15], [21, 18], [22, 93], [14, 64], [5, 87], [33, 71], [32, 82], [29, 79], [28, 20], [26, 80], [6, 38], [24, 6], [21, 85], [36, 63], [19, 4], [34, 76], [15, 39], [21, 1], [28, 23]]
最小値:70.06417364975694
入力値:[33, 8]
経過時間:206.34073758125305sec
num_evaluation of BBF = 150.0
 input_history 
[[33, 71], [32, 82], [29, 79], [28, 20], [26, 80], [6, 38], [24, 6], [21, 85], [36, 63], [19, 4], [34, 76], [15, 39], [21, 1], [28, 23], [36, 81], [18, 92], [27, 38], [10, 26], [33, 2], [38, 96], [21, 76], [19, 53], [18, 8], [11, 41], [23, 27], [16, 4], [12, 61], [34, 23], [19, 31], [17, 89], [9, 59], [0, 8], [10, 8], [37, 46], [35, 78], [15, 54], [6, 95], [29, 34], [33, 13], [12, 47], [19, 58], [2, 31], [35, 50], [26, 10], [27, 42], [35, 42], [3, 93], [0, 5], [10, 11], [30, 81]]
最小値:70.06417364975694
入力値:[33, 8]
経過時間:204.91240334510803sec
num_evaluation of BBF = 200.0
 input_history 
[[24, 3], [8, 0], [21, 19], [10, 41], [10, 21], [38, 96], [20, 44], [29, 39], [14, 26], [17, 90], [22, 66], [2, 63], [1, 51], [26, 69], [33, 29]]
最小値:87.61774933032946
入力値:[29, 39]
経過時間:61.152440309524536sec
num_evaluation of BBF = 15.0
 input_history 
[[2, 63], [1, 51], [26, 69], [33, 29], [24, 62], [7, 43], [33, 79], [37, 20], [30, 49], [21, 78], [28, 54], [0, 64], [18, 63], [37, 56], [7, 37]]
最小値:83.748322696981
入力値:[37, 20]
経過時間:61.59411978721619sec
num_evaluation of BBF = 30.0
 input_history 
[[28, 54], [0, 64], [18, 63], [37, 56], [7, 37], [33, 1], [21, 74], [36, 91], [16, 80], [32, 16], [18, 75], [32, 95], [13, 37], [30, 48], [33, 52], [2, 28], [36, 90], [10, 54], [36, 91], [21, 56]]
最小値:77.09958386967074
入力値:[32, 16]
経過時間:82.48667597770691sec
num_evaluation of BBF = 50.0
 input_history 
[[37, 30], [33, 52], [2, 28], [36, 90], [10, 54], [36, 91], [21, 56], [39, 29], [32, 48], [9, 33], [24, 55], [11, 84], [10, 80], [12, 68], [19, 16], [34, 39], [1, 35], [1, 18], [2, 87], [35, 20], [17, 22], [28, 7], [33, 43], [32, 92], [16, 27], [8, 20], [8, 24], [14, 76], [19, 9], [26, 50], [5, 84], [31, 81], [9, 32], [13, 44], [7, 92], [36, 42], [8, 26], [24, 20], [30, 17], [32, 53], [22, 39], [31, 32], [23, 88], [33, 85], [26, 79], [28, 11], [17, 51], [7, 13], [31, 68], [30, 63]]
最小値:75.47683793298012
入力値:[30, 17]
経過時間:202.97791385650635sec
num_evaluation of BBF = 100.0
 input_history 
[[17, 9], [32, 13], [7, 92], [36, 42], [8, 26], [24, 20], [30, 17], [32, 53], [22, 39], [31, 32], [23, 88], [33, 85], [26, 79], [28, 11], [17, 51], [7, 13], [31, 68], [30, 63], [13, 77], [32, 88], [36, 55], [21, 70], [23, 92], [12, 28], [10, 11], [35, 85], [28, 49], [8, 89], [34, 11], [25, 89], [4, 85], [29, 0], [30, 45], [7, 21], [34, 29], [7, 94], [30, 76], [11, 39], [39, 44], [21, 94], [7, 92], [34, 15], [22, 45], [36, 40], [26, 52], [9, 19], [5, 54], [12, 26], [35, 24], [34, 43]]
最小値:66.1179973001496
入力値:[32, 13]
経過時間:204.2720766067505sec
num_evaluation of BBF = 150.0
 input_history 
[[7, 94], [30, 76], [11, 39], [39, 44], [21, 94], [7, 92], [34, 15], [22, 45], [36, 40], [26, 52], [9, 19], [5, 54], [12, 26], [35, 24], [34, 43], [23, 50], [18, 64], [7, 90], [32, 78], [19, 26], [3, 37], [21, 23], [12, 18], [34, 92], [6, 70], [19, 60], [13, 39], [0, 60], [12, 40], [4, 42], [36, 58], [30, 21], [0, 35], [13, 21], [4, 93], [5, 41], [6, 91], [32, 65], [31, 71], [32, 67], [23, 25], [26, 78], [37, 22], [12, 11], [30, 79], [3, 70], [14, 75], [5, 86], [15, 80], [34, 65]]
最小値:66.1179973001496
入力値:[32, 13]
経過時間:206.66273283958435sec
num_evaluation of BBF = 200.0
 input_history 
[[5, 1], [23, 72], [9, 58], [39, 94], [36, 50], [38, 52], [3, 0], [21, 21], [9, 38], [38, 56], [2, 46], [30, 8], [2, 58], [23, 32], [33, 32]]
最小値:71.67432584074191
入力値:[30, 8]
経過時間:60.980623722076416sec
num_evaluation of BBF = 15.0
 input_history 
[[21, 73], [38, 56], [2, 46], [30, 8], [2, 58], [23, 32], [33, 32], [28, 3], [15, 95], [17, 81], [25, 73], [12, 23], [30, 22], [3, 62], [11, 23]]
最小値:71.67432584074191
入力値:[30, 8]
経過時間:62.24656009674072sec
num_evaluation of BBF = 30.0
 input_history 
[[31, 57], [17, 81], [25, 73], [12, 23], [30, 22], [3, 62], [11, 23], [6, 71], [9, 82], [21, 94], [15, 36], [27, 59], [8, 37], [8, 59], [39, 96], [30, 4], [11, 8], [36, 31], [17, 78], [9, 53]]
最小値:69.15741238422359
入力値:[11, 8]
経過時間:82.48630738258362sec
num_evaluation of BBF = 50.0
 input_history 
[[8, 37], [8, 59], [39, 96], [30, 4], [11, 8], [36, 31], [17, 78], [9, 53], [4, 62], [3, 4], [39, 54], [6, 40], [32, 67], [22, 17], [27, 60], [22, 15], [13, 0], [10, 7], [38, 79], [0, 87], [33, 46], [31, 35], [30, 65], [3, 86], [10, 20], [16, 7], [10, 41], [22, 15], [3, 74], [34, 23], [38, 7], [28, 75], [0, 37], [32, 25], [37, 5], [9, 74], [24, 29], [29, 36], [2, 19], [16, 22], [28, 76], [16, 51], [12, 76], [27, 40], [38, 79], [26, 51], [7, 27], [25, 77], [4, 3], [12, 96]]
最小値:69.15741238422359
入力値:[11, 8]
経過時間:205.53931760787964sec
num_evaluation of BBF = 100.0
 input_history 
[[38, 7], [28, 75], [0, 37], [32, 25], [37, 5], [9, 74], [24, 29], [29, 36], [2, 19], [16, 22], [28, 76], [16, 51], [12, 76], [27, 40], [38, 79], [26, 51], [7, 27], [25, 77], [4, 3], [12, 96], [26, 70], [17, 57], [35, 81], [15, 79], [35, 34], [28, 76], [26, 53], [2, 23], [15, 21], [37, 90], [9, 89], [8, 62], [29, 53], [20, 54], [2, 82], [1, 19], [31, 20], [23, 19], [37, 78], [13, 49], [37, 4], [19, 57], [15, 37], [30, 54], [29, 80], [37, 29], [2, 28], [32, 95], [5, 5], [7, 8]]
最小値:69.15741238422359
入力値:[11, 8]
経過時間:204.88480162620544sec
num_evaluation of BBF = 150.0
 input_history 
[[18, 65], [19, 55], [31, 20], [23, 19], [37, 78], [13, 49], [37, 4], [19, 57], [15, 37], [30, 54], [29, 80], [37, 29], [2, 28], [32, 95], [5, 5], [7, 8], [31, 41], [16, 19], [7, 48], [20, 39], [7, 75], [17, 67], [39, 76], [37, 30], [1, 31], [5, 28], [27, 89], [3, 79], [28, 16], [9, 87], [22, 39], [15, 27], [35, 58], [26, 71], [2, 7], [11, 41], [2, 94], [9, 22], [24, 23], [5, 40], [33, 93], [34, 3], [16, 85], [38, 45], [0, 89], [5, 21], [19, 21], [28, 10], [31, 41], [12, 65]]
最小値:69.13148908476646
入力値:[24, 23]
経過時間:204.55780959129333sec
num_evaluation of BBF = 200.0
 input_history 
[[35, 78], [38, 16], [9, 8], [36, 62], [27, 30], [16, 7], [12, 15], [39, 80], [27, 44], [13, 75], [1, 47], [30, 84], [22, 18], [9, 41], [1, 82]]
最小値:73.39034855740358
入力値:[9, 8]
経過時間:61.04135775566101sec
num_evaluation of BBF = 15.0
 input_history 
[[20, 86], [18, 9], [1, 82], [39, 16], [14, 5], [0, 80], [4, 36], [27, 31], [2, 68], [38, 83], [19, 18], [7, 30], [11, 67], [1, 55], [3, 91]]
最小値:72.51773045367094
入力値:[14, 5]
経過時間:61.62994933128357sec
num_evaluation of BBF = 30.0
 input_history 
[[19, 19], [18, 7], [36, 30], [11, 67], [1, 55], [3, 91], [14, 27], [29, 33], [25, 85], [7, 16], [30, 14], [26, 31], [9, 38], [16, 5], [34, 45], [24, 13], [31, 32], [12, 44], [5, 14], [30, 82]]
最小値:72.51773045367094
入力値:[14, 5]
経過時間:83.01547169685364sec
num_evaluation of BBF = 50.0
 input_history 
[[24, 13], [31, 32], [12, 44], [5, 14], [30, 82], [0, 7], [22, 16], [0, 8], [26, 44], [37, 94], [11, 5], [22, 52], [5, 82], [27, 29], [24, 92], [15, 70], [35, 20], [8, 32], [18, 13], [28, 18], [17, 22], [19, 92], [19, 49], [4, 82], [36, 41], [20, 32], [10, 31], [15, 22], [6, 9], [30, 14], [2, 57], [19, 64], [8, 8], [7, 12], [20, 59], [8, 74], [22, 72], [32, 15], [5, 35], [36, 0], [2, 2], [27, 65], [23, 1], [23, 50], [22, 19], [24, 64], [13, 73], [1, 9], [0, 23], [39, 68]]
最小値:69.81565095474136
入力値:[32, 15]
経過時間:203.53104162216187sec
num_evaluation of BBF = 100.0
 input_history 
[[8, 32], [15, 69], [35, 62], [36, 0], [2, 2], [27, 65], [23, 1], [23, 50], [22, 19], [24, 64], [13, 73], [1, 9], [0, 23], [39, 68], [17, 91], [36, 87], [5, 36], [18, 34], [30, 77], [33, 35], [29, 1], [18, 20], [0, 34], [14, 51], [30, 40], [10, 69], [15, 53], [19, 46], [26, 85], [25, 57], [37, 17], [30, 64], [28, 8], [14, 64], [31, 45], [5, 26], [19, 28], [11, 35], [19, 55], [3, 23], [3, 95], [2, 54], [29, 38], [18, 71], [0, 35], [37, 1], [30, 91], [31, 93], [6, 7], [35, 78]]
最小値:69.81565095474136
入力値:[32, 15]
経過時間:206.46380925178528sec
num_evaluation of BBF = 150.0
 input_history 
[[19, 55], [3, 23], [3, 95], [2, 54], [29, 38], [18, 71], [0, 35], [37, 1], [30, 91], [31, 93], [6, 7], [35, 78], [9, 7], [25, 90], [39, 54], [31, 14], [4, 85], [10, 68], [32, 81], [37, 67], [15, 17], [23, 11], [30, 26], [8, 51], [20, 52], [10, 25], [9, 31], [39, 59], [22, 80], [15, 15], [31, 77], [17, 57], [19, 45], [28, 83], [21, 16], [32, 26], [30, 30], [29, 78], [14, 8], [17, 40], [10, 6], [9, 54], [29, 33], [24, 18], [20, 46], [25, 5], [12, 45], [15, 24], [38, 12], [1, 5]]
最小値:60.49881503487548
入力値:[14, 8]
経過時間:205.20700120925903sec
num_evaluation of BBF = 200.0
 input_history 
[[10, 73], [35, 84], [15, 80], [25, 1], [11, 77], [26, 33], [4, 33], [8, 2], [12, 84], [27, 31], [2, 5], [26, 15], [25, 86], [5, 49], [4, 62]]
最小値:57.09120000809544
入力値:[26, 15]
経過時間:61.80028486251831sec
num_evaluation of BBF = 15.0
 input_history 
[[26, 15], [25, 86], [5, 49], [4, 62], [16, 66], [2, 63], [19, 85], [28, 43], [5, 50], [26, 78], [5, 70], [26, 63], [10, 67], [21, 11], [1, 82]]
最小値:57.09120000809544
入力値:[26, 15]
経過時間:61.746758460998535sec
num_evaluation of BBF = 30.0
 input_history 
[[5, 70], [26, 63], [10, 67], [21, 11], [1, 82], [35, 22], [24, 48], [3, 7], [36, 75], [33, 76], [4, 33], [15, 69], [21, 70], [1, 9], [37, 42], [13, 73], [1, 63], [18, 66], [25, 21], [12, 68]]
最小値:57.09120000809544
入力値:[26, 15]
経過時間:83.06083679199219sec
num_evaluation of BBF = 50.0
 input_history 
[[37, 42], [13, 73], [1, 63], [18, 66], [25, 21], [12, 68], [29, 14], [22, 3], [33, 36], [24, 60], [14, 74], [20, 82], [6, 28], [5, 34], [27, 28], [12, 55], [28, 78], [21, 63], [1, 17], [27, 7], [21, 50], [24, 95], [13, 39], [16, 76], [15, 57], [18, 32], [12, 46], [23, 22], [39, 91], [37, 33], [24, 41], [27, 90], [22, 51], [31, 71], [7, 5], [3, 72], [15, 39], [35, 42], [5, 57], [35, 96], [23, 87], [31, 16], [35, 69], [35, 2], [35, 14], [20, 29], [0, 72], [38, 62], [35, 18], [33, 86]]
最小値:57.09120000809544
入力値:[26, 15]
経過時間:205.09419703483582sec
num_evaluation of BBF = 100.0
 input_history 
[[5, 67], [8, 79], [39, 42], [5, 57], [35, 96], [23, 87], [31, 16], [35, 69], [35, 2], [35, 14], [20, 29], [0, 72], [38, 62], [35, 18], [33, 86], [8, 88], [9, 32], [7, 16], [37, 46], [25, 44], [37, 73], [1, 65], [25, 25], [37, 91], [22, 84], [10, 16], [4, 54], [31, 66], [12, 49], [14, 94], [26, 64], [27, 2], [2, 85], [0, 39], [11, 86], [38, 42], [16, 9], [21, 29], [36, 63], [31, 58], [24, 66], [27, 20], [34, 41], [36, 63], [5, 26], [39, 86], [33, 33], [38, 58], [24, 33], [5, 41]]
最小値:57.09120000809544
入力値:[26, 15]
経過時間:205.97973108291626sec
num_evaluation of BBF = 150.0
 input_history 
[[36, 63], [31, 58], [24, 66], [27, 20], [34, 41], [36, 63], [5, 26], [39, 86], [33, 33], [38, 58], [24, 33], [5, 41], [28, 13], [29, 2], [18, 11], [20, 58], [39, 33], [21, 67], [31, 68], [21, 6], [8, 53], [29, 23], [32, 3], [34, 7], [22, 0], [37, 46], [14, 24], [29, 40], [24, 70], [33, 5], [11, 42], [11, 44], [1, 7], [7, 96], [5, 63], [5, 8], [10, 3], [36, 39], [2, 42], [22, 81], [19, 83], [18, 77], [1, 96], [5, 44], [35, 20], [16, 84], [8, 82], [20, 19], [27, 5], [20, 60]]
最小値:57.09120000809544
入力値:[26, 15]
経過時間:204.08623123168945sec
num_evaluation of BBF = 200.0
 input_history 
[[4, 25], [3, 83], [23, 92], [14, 23], [8, 89], [26, 8], [39, 68], [7, 44], [0, 75], [6, 19], [5, 56], [24, 55], [0, 34], [9, 78], [38, 4]]
最小値:84.70644402474743
入力値:[38, 4]
経過時間:61.05050039291382sec
num_evaluation of BBF = 15.0
 input_history 
[[19, 60], [5, 56], [24, 55], [0, 34], [9, 78], [38, 4], [9, 87], [35, 67], [8, 83], [1, 64], [16, 31], [29, 44], [28, 71], [23, 10], [35, 64]]
最小値:70.4442037231591
入力値:[23, 10]
経過時間:61.788469552993774sec
num_evaluation of BBF = 30.0
 input_history 
[[31, 93], [28, 71], [23, 10], [35, 64], [7, 23], [28, 96], [21, 35], [33, 67], [27, 19], [27, 4], [19, 33], [30, 57], [37, 73], [29, 81], [31, 2], [19, 50], [18, 21], [3, 75], [16, 12], [29, 9]]
最小値:70.4442037231591
入力値:[23, 10]
経過時間:81.79511976242065sec
num_evaluation of BBF = 50.0
 input_history 
[[2, 83], [18, 21], [3, 75], [16, 12], [29, 9], [12, 67], [14, 20], [15, 59], [35, 48], [4, 43], [8, 90], [23, 77], [39, 3], [29, 12], [12, 79], [29, 8], [38, 70], [21, 44], [27, 7], [17, 69], [36, 52], [29, 26], [0, 62], [22, 12], [6, 34], [29, 17], [5, 79], [12, 92], [37, 73], [23, 21], [4, 91], [12, 75], [6, 85], [21, 30], [28, 56], [12, 76], [36, 71], [21, 58], [38, 15], [18, 63], [28, 16], [5, 35], [13, 32], [23, 95], [33, 45], [27, 14], [32, 34], [31, 55], [38, 18], [9, 73]]
最小値:70.4442037231591
入力値:[23, 10]
経過時間:206.542053937912sec
num_evaluation of BBF = 100.0
 input_history 
[[11, 6], [33, 85], [21, 30], [28, 56], [12, 76], [36, 71], [21, 58], [38, 15], [18, 63], [28, 16], [5, 35], [13, 32], [23, 95], [33, 45], [27, 14], [32, 34], [31, 55], [38, 18], [9, 73], [13, 85], [1, 31], [14, 80], [25, 33], [21, 83], [18, 64], [13, 58], [10, 52], [27, 28], [8, 89], [28, 7], [15, 0], [18, 48], [0, 44], [9, 46], [34, 48], [5, 21], [16, 11], [32, 40], [36, 69], [28, 93], [31, 7], [28, 58], [14, 47], [13, 83], [13, 24], [3, 7], [32, 33], [11, 91], [4, 95], [30, 78]]
最小値:70.4442037231591
入力値:[23, 10]
経過時間:210.7376081943512sec
num_evaluation of BBF = 150.0
 input_history 
[[0, 44], [9, 46], [34, 48], [5, 21], [16, 11], [32, 40], [36, 69], [28, 93], [31, 7], [28, 58], [14, 47], [13, 83], [13, 24], [3, 7], [32, 33], [11, 91], [4, 95], [30, 78], [12, 16], [26, 96], [33, 8], [30, 79], [22, 56], [34, 12], [4, 44], [20, 43], [18, 56], [21, 50], [22, 18], [5, 5], [5, 70], [31, 29], [16, 42], [4, 77], [2, 12], [24, 91], [16, 5], [29, 73], [39, 78], [6, 62], [2, 37], [22, 46], [9, 35], [15, 20], [32, 21], [6, 84], [0, 84], [33, 21], [2, 11], [11, 36]]
最小値:70.06417364975694
入力値:[33, 8]
経過時間:205.06288886070251sec
num_evaluation of BBF = 200.0
 input_history 
[[3, 84], [5, 90], [8, 83], [21, 60], [10, 27], [13, 9], [15, 93], [34, 59], [18, 14], [38, 93], [9, 51], [4, 53], [7, 59], [26, 66], [38, 9]]
最小値:60.91592637459618
入力値:[13, 9]
経過時間:61.47315335273743sec
num_evaluation of BBF = 15.0
 input_history 
[[9, 51], [4, 53], [7, 59], [26, 66], [38, 9], [37, 81], [15, 92], [27, 63], [22, 31], [20, 45], [21, 72], [28, 28], [31, 47], [10, 64], [7, 45]]
最小値:60.91592637459618
入力値:[13, 9]
経過時間:62.07142901420593sec
num_evaluation of BBF = 30.0
 input_history 
[[28, 28], [31, 47], [10, 64], [7, 45], [2, 38], [7, 95], [36, 89], [38, 91], [4, 37], [2, 82], [38, 54], [22, 39], [6, 95], [32, 73], [34, 7], [9, 42], [19, 59], [9, 16], [14, 55], [20, 87]]
最小値:60.91592637459618
入力値:[13, 9]
経過時間:82.9012382030487sec
num_evaluation of BBF = 50.0
 input_history 
[[38, 42], [19, 59], [9, 16], [14, 55], [20, 87], [34, 24], [6, 28], [5, 66], [19, 75], [11, 46], [28, 72], [25, 14], [39, 15], [19, 58], [15, 28], [35, 32], [16, 74], [33, 66], [6, 62], [7, 83], [8, 34], [22, 76], [28, 85], [35, 29], [29, 64], [6, 39], [24, 32], [24, 79], [14, 77], [21, 60], [10, 2], [29, 94], [2, 12], [34, 71], [7, 71], [10, 35], [15, 52], [17, 70], [19, 48], [4, 40], [4, 86], [34, 67], [37, 29], [10, 46], [25, 6], [26, 76], [10, 58], [28, 50], [12, 86], [27, 81]]
最小値:60.91592637459618
入力値:[13, 9]
経過時間:204.77768874168396sec
num_evaluation of BBF = 100.0
 input_history 
[[7, 54], [10, 35], [15, 52], [17, 70], [19, 48], [4, 40], [4, 86], [34, 67], [37, 29], [10, 46], [25, 6], [26, 76], [10, 58], [28, 50], [12, 86], [27, 81], [17, 73], [19, 47], [28, 96], [34, 24], [0, 81], [34, 39], [12, 85], [33, 65], [6, 57], [24, 32], [21, 36], [8, 17], [22, 0], [6, 20], [5, 45], [1, 81], [14, 33], [18, 83], [38, 15], [19, 14], [20, 42], [16, 84], [23, 6], [23, 8], [6, 90], [18, 77], [1, 11], [13, 4], [20, 26], [21, 42], [21, 12], [26, 75], [38, 84], [7, 28]]
最小値:60.91592637459618
入力値:[13, 9]
経過時間:205.54419708251953sec
num_evaluation of BBF = 150.0
 input_history 
[[20, 42], [16, 84], [23, 6], [23, 8], [6, 90], [18, 77], [1, 11], [13, 4], [20, 26], [21, 42], [21, 12], [26, 75], [38, 84], [7, 28], [31, 50], [29, 19], [31, 1], [4, 29], [2, 94], [9, 93], [35, 45], [34, 61], [32, 88], [36, 35], [17, 9], [24, 65], [37, 6], [10, 75], [2, 90], [33, 60], [17, 12], [0, 22], [18, 70], [36, 85], [4, 13], [3, 32], [33, 83], [5, 2], [21, 27], [3, 69], [9, 78], [7, 1], [28, 77], [28, 74], [7, 63], [19, 40], [34, 69], [10, 54], [39, 86], [22, 73]]
最小値:60.91592637459618
入力値:[13, 9]
経過時間:206.31754803657532sec
num_evaluation of BBF = 200.0
 input_history 
[[28, 54], [22, 65], [22, 52], [27, 33], [29, 92], [0, 60], [24, 74], [29, 62], [12, 18], [22, 56], [1, 56], [35, 11], [37, 19], [38, 9], [16, 56]]
最小値:81.77045036819833
入力値:[35, 11]
経過時間:62.315962076187134sec
num_evaluation of BBF = 15.0
 input_history 
[[12, 18], [22, 56], [1, 56], [35, 11], [37, 19], [38, 9], [16, 56], [13, 59], [33, 77], [29, 54], [22, 50], [4, 52], [0, 74], [16, 4], [5, 24]]
最小値:81.77045036819833
入力値:[35, 11]
経過時間:62.07193732261658sec
num_evaluation of BBF = 30.0
 input_history 
[[22, 50], [4, 52], [0, 74], [16, 4], [5, 24], [19, 30], [4, 72], [0, 1], [34, 91], [13, 71], [15, 46], [38, 66], [29, 50], [34, 61], [19, 41], [19, 48], [17, 96], [34, 16], [36, 42], [14, 75]]
最小値:76.84002545349773
入力値:[34, 16]
経過時間:82.86554622650146sec
num_evaluation of BBF = 50.0
 input_history 
[[38, 66], [29, 50], [34, 61], [19, 41], [19, 48], [17, 96], [34, 16], [36, 42], [14, 75], [29, 71], [27, 32], [18, 36], [27, 64], [1, 87], [33, 86], [18, 85], [32, 16], [21, 83], [23, 94], [12, 79], [11, 22], [2, 76], [21, 48], [21, 18], [10, 22], [29, 62], [1, 70], [33, 88], [24, 40], [17, 7], [0, 45], [33, 58], [35, 86], [34, 16], [23, 61], [36, 40], [18, 84], [10, 43], [8, 33], [22, 43], [19, 85], [25, 2], [7, 49], [9, 67], [4, 82], [35, 10], [3, 29], [34, 10], [14, 11], [6, 51]]
最小値:67.1429274947186
入力値:[14, 11]
経過時間:204.90025734901428sec
num_evaluation of BBF = 100.0
 input_history 
[[18, 84], [10, 43], [8, 33], [22, 43], [19, 85], [25, 2], [7, 49], [9, 67], [4, 82], [35, 10], [3, 29], [34, 10], [14, 11], [6, 51], [15, 29], [33, 93], [34, 52], [25, 70], [15, 47], [28, 85], [33, 35], [22, 10], [13, 21], [2, 26], [25, 63], [21, 30], [28, 82], [9, 40], [29, 50], [0, 55], [12, 74], [9, 2], [23, 36], [18, 79], [7, 35], [9, 16], [20, 16], [3, 3], [27, 6], [20, 45], [30, 8], [9, 78], [16, 77], [9, 14], [4, 84], [11, 80], [27, 59], [26, 40], [22, 5], [26, 23]]
最小値:67.1429274947186
入力値:[14, 11]
経過時間:206.94531869888306sec
num_evaluation of BBF = 150.0
 input_history 
[[35, 73], [16, 48], [20, 16], [3, 3], [27, 6], [20, 45], [30, 8], [9, 78], [16, 77], [9, 14], [4, 84], [11, 80], [27, 59], [26, 40], [22, 5], [26, 23], [3, 94], [29, 6], [5, 54], [22, 71], [12, 49], [6, 55], [36, 69], [3, 63], [32, 92], [35, 50], [16, 12], [26, 70], [14, 23], [24, 25], [2, 28], [17, 70], [36, 40], [21, 83], [27, 35], [7, 51], [14, 29], [17, 43], [16, 1], [15, 79], [9, 61], [38, 78], [6, 37], [26, 8], [30, 94], [11, 7], [35, 84], [18, 43], [7, 12], [32, 8]]
最小値:67.1429274947186
入力値:[14, 11]
経過時間:211.89615440368652sec
num_evaluation of BBF = 200.0
 input_history 
[[9, 15], [0, 28], [25, 93], [29, 8], [9, 0], [36, 16], [36, 11], [24, 62], [33, 72], [36, 78], [13, 69], [13, 25], [13, 92], [22, 30], [30, 89]]
最小値:78.11064375836548
入力値:[36, 11]
経過時間:62.96472978591919sec
num_evaluation of BBF = 15.0
 input_history 
[[33, 72], [36, 78], [13, 69], [13, 25], [13, 92], [22, 30], [30, 89], [12, 65], [31, 57], [36, 27], [18, 93], [13, 22], [23, 94], [11, 28], [10, 88]]
最小値:78.11064375836548
入力値:[36, 11]
経過時間:63.71490240097046sec
num_evaluation of BBF = 30.0
 input_history 
[[23, 94], [11, 28], [10, 88], [9, 15], [18, 80], [7, 88], [11, 17], [7, 75], [28, 33], [20, 96], [24, 44], [5, 4], [7, 88], [24, 50], [34, 15], [13, 88], [15, 6], [21, 22], [11, 12], [28, 96]]
最小値:56.36729847785949
入力値:[15, 6]
経過時間:83.04941844940186sec
num_evaluation of BBF = 50.0
 input_history 
[[6, 85], [22, 11], [12, 92], [32, 62], [15, 42], [33, 50], [25, 73], [37, 0], [18, 23], [3, 29], [16, 84], [18, 14], [15, 17], [25, 48], [17, 32], [17, 80], [26, 12], [30, 81], [17, 16], [0, 31], [37, 73], [0, 38], [22, 96], [2, 67], [31, 27], [18, 62], [13, 48], [29, 75], [22, 37], [11, 21], [33, 95], [24, 96], [37, 73], [37, 43], [26, 71], [8, 85], [8, 28], [30, 89], [25, 78], [17, 85], [13, 41], [33, 4], [23, 94], [28, 39], [27, 9], [7, 22], [32, 3], [9, 52], [12, 68], [30, 70]]
最小値:56.36729847785949
入力値:[15, 6]
経過時間:207.7943844795227sec
num_evaluation of BBF = 100.0
 input_history 
[[24, 96], [37, 73], [37, 43], [26, 71], [8, 85], [8, 28], [30, 89], [25, 78], [17, 85], [13, 41], [33, 4], [23, 94], [28, 39], [27, 9], [7, 22], [32, 3], [9, 52], [12, 68], [30, 70], [10, 30], [9, 2], [1, 13], [11, 52], [5, 93], [20, 48], [34, 40], [32, 94], [22, 58], [5, 45], [18, 50], [1, 63], [13, 18], [27, 83], [37, 71], [24, 15], [6, 44], [9, 50], [0, 44], [4, 14], [4, 6], [9, 44], [36, 90], [38, 20], [9, 40], [16, 75], [39, 58], [17, 39], [33, 11], [14, 79], [21, 69]]
最小値:56.36729847785949
入力値:[15, 6]
経過時間:204.00546789169312sec
num_evaluation of BBF = 150.0
 input_history 
[[0, 44], [4, 14], [4, 6], [9, 44], [36, 90], [38, 20], [9, 40], [16, 75], [39, 58], [17, 39], [33, 11], [14, 79], [21, 69], [13, 3], [31, 76], [23, 17], [29, 69], [20, 5], [6, 61], [16, 74], [4, 22], [19, 85], [9, 35], [35, 11], [18, 19], [17, 61], [10, 36], [0, 30], [21, 32], [17, 13], [3, 31], [32, 96], [38, 37], [15, 59], [39, 20], [31, 89], [0, 96], [25, 63], [2, 30], [17, 59], [6, 63], [22, 29], [7, 92], [19, 0], [7, 93], [23, 57], [16, 2], [34, 58], [12, 10], [15, 32]]
最小値:56.36729847785949
入力値:[15, 6]
経過時間:205.39088082313538sec
num_evaluation of BBF = 200.0
 input_history 
[[25, 63], [16, 91], [17, 55], [13, 76], [33, 71], [18, 24], [28, 48], [32, 45], [4, 34], [12, 1], [10, 37], [39, 84], [17, 91], [24, 17], [3, 70]]
最小値:77.3371755880651
入力値:[24, 17]
経過時間:64.67052388191223sec
num_evaluation of BBF = 15.0
 input_history 
[[27, 24], [17, 67], [6, 43], [0, 79], [32, 23], [27, 70], [25, 10], [27, 44], [14, 7], [15, 64], [27, 95], [5, 53], [7, 50], [35, 59], [1, 3]]
最小値:56.86636813005531
入力値:[14, 7]
経過時間:60.60278797149658sec
num_evaluation of BBF = 30.0
 input_history 
[[27, 95], [5, 53], [7, 50], [35, 59], [1, 3], [8, 87], [17, 68], [8, 32], [14, 19], [25, 90], [38, 59], [17, 43], [18, 48], [10, 47], [32, 44], [8, 68], [33, 1], [31, 75], [34, 72], [19, 96]]
最小値:56.86636813005531
入力値:[14, 7]
経過時間:81.48682832717896sec
num_evaluation of BBF = 50.0
 input_history 
[[1, 95], [11, 34], [8, 19], [32, 84], [18, 59], [8, 38], [39, 34], [31, 4], [28, 13], [1, 90], [21, 20], [17, 81], [4, 74], [39, 35], [21, 67], [35, 81], [6, 58], [1, 39], [36, 72], [5, 37], [27, 93], [21, 87], [10, 64], [16, 87], [12, 4], [34, 4], [34, 28], [23, 17], [21, 44], [33, 51], [35, 78], [2, 19], [19, 82], [30, 51], [15, 32], [24, 43], [19, 87], [9, 7], [13, 34], [12, 91], [17, 81], [12, 75], [21, 43], [30, 81], [27, 56], [38, 82], [1, 30], [38, 30], [9, 90], [25, 93]]
最小値:56.86636813005531
入力値:[14, 7]
経過時間:206.0741696357727sec
num_evaluation of BBF = 100.0
 input_history 
[[30, 51], [15, 32], [24, 43], [19, 87], [9, 7], [13, 34], [12, 91], [17, 81], [12, 75], [21, 43], [30, 81], [27, 56], [38, 82], [1, 30], [38, 30], [9, 90], [25, 93], [35, 84], [27, 4], [5, 83], [1, 42], [21, 89], [34, 0], [7, 65], [16, 48], [14, 49], [2, 66], [28, 35], [33, 10], [0, 33], [23, 24], [29, 75], [39, 45], [14, 20], [0, 65], [9, 21], [38, 94], [39, 28], [5, 48], [35, 13], [14, 36], [23, 43], [30, 24], [26, 30], [3, 46], [16, 1], [22, 95], [3, 26], [5, 79], [33, 44]]
最小値:56.86636813005531
入力値:[14, 7]
経過時間:205.67242288589478sec
num_evaluation of BBF = 150.0
 input_history 
[[24, 29], [11, 45], [14, 20], [0, 65], [9, 21], [38, 94], [39, 28], [5, 48], [35, 13], [14, 36], [23, 43], [30, 24], [26, 30], [3, 46], [16, 1], [22, 95], [3, 26], [5, 79], [33, 44], [29, 4], [23, 95], [13, 15], [33, 58], [17, 69], [35, 40], [22, 36], [31, 85], [38, 96], [25, 67], [14, 29], [25, 69], [17, 2], [6, 59], [8, 48], [13, 85], [39, 9], [20, 36], [2, 83], [39, 29], [11, 58], [21, 31], [34, 2], [6, 52], [31, 82], [6, 75], [1, 2], [34, 65], [28, 52], [36, 82], [13, 30]]
最小値:56.86636813005531
入力値:[14, 7]
経過時間:206.32669639587402sec
num_evaluation of BBF = 200.0
 input_history 
[[11, 27], [6, 2], [3, 67], [12, 48], [22, 49], [5, 13], [25, 34], [11, 74], [0, 76], [13, 82], [25, 35], [36, 35], [33, 30], [32, 18], [22, 50]]
最小値:85.63641386675053
入力値:[25, 34]
経過時間:61.85455799102783sec
num_evaluation of BBF = 15.0
 input_history 
[[35, 33], [30, 63], [32, 18], [22, 50], [16, 84], [6, 73], [30, 32], [27, 59], [25, 59], [24, 79], [25, 56], [4, 96], [4, 65], [37, 75], [4, 53]]
最小値:85.63641386675053
入力値:[25, 34]
経過時間:62.51426577568054sec
num_evaluation of BBF = 30.0
 input_history 
[[4, 96], [4, 65], [37, 75], [4, 53], [11, 53], [32, 42], [6, 70], [3, 2], [28, 74], [20, 54], [20, 20], [29, 69], [32, 43], [18, 70], [27, 34], [38, 53], [0, 37], [20, 80], [3, 87], [38, 68]]
最小値:85.63641386675053
入力値:[25, 34]
経過時間:82.4415762424469sec
num_evaluation of BBF = 50.0
 input_history 
[[5, 51], [32, 43], [18, 70], [27, 34], [38, 53], [0, 37], [20, 80], [3, 87], [38, 68], [25, 44], [22, 69], [9, 59], [27, 28], [2, 68], [4, 35], [7, 54], [30, 49], [36, 46], [10, 76], [19, 72], [26, 72], [22, 56], [14, 68], [25, 79], [4, 28], [20, 81], [26, 4], [27, 19], [24, 43], [29, 64], [33, 68], [31, 38], [37, 20], [2, 90], [10, 96], [31, 34], [10, 50], [16, 17], [20, 42], [39, 39], [30, 17], [6, 81], [3, 15], [0, 33], [20, 26], [8, 88], [8, 15], [12, 62], [19, 14], [30, 43]]
最小値:74.7474863311173
入力値:[26, 4]
経過時間:204.8069360256195sec
num_evaluation of BBF = 100.0
 input_history 
[[32, 95], [34, 74], [16, 17], [20, 42], [39, 39], [30, 17], [6, 81], [3, 15], [0, 33], [20, 26], [8, 88], [8, 15], [12, 62], [19, 14], [30, 43], [15, 14], [5, 65], [15, 22], [18, 19], [28, 17], [25, 93], [30, 19], [2, 47], [8, 41], [37, 57], [1, 55], [36, 61], [13, 80], [29, 81], [36, 10], [2, 15], [30, 36], [32, 88], [5, 63], [26, 4], [30, 23], [29, 53], [32, 27], [2, 76], [4, 63], [22, 29], [23, 50], [33, 69], [19, 46], [27, 17], [17, 85], [32, 24], [38, 53], [6, 91], [4, 87]]
最小値:74.7474863311173
入力値:[26, 4]
経過時間:207.83239340782166sec
num_evaluation of BBF = 150.0
 input_history 
[[2, 76], [4, 63], [22, 29], [23, 50], [33, 69], [19, 46], [27, 17], [17, 85], [32, 24], [38, 53], [6, 91], [4, 87], [8, 55], [33, 88], [18, 71], [32, 17], [32, 73], [0, 63], [13, 47], [31, 64], [27, 23], [30, 35], [31, 34], [19, 28], [4, 71], [13, 18], [18, 26], [35, 80], [6, 33], [8, 70], [14, 54], [30, 49], [3, 64], [37, 83], [35, 23], [11, 5], [26, 7], [11, 34], [31, 3], [34, 29], [37, 74], [28, 28], [20, 45], [3, 46], [28, 16], [17, 56], [4, 58], [32, 49], [5, 49], [2, 89]]
最小値:73.33007572801537
入力値:[11, 5]
経過時間:206.98737907409668sec
num_evaluation of BBF = 200.0
 input_history 
[[18, 48], [10, 16], [38, 25], [35, 26], [2, 46], [37, 77], [10, 73], [11, 52], [2, 32], [19, 21], [19, 11], [22, 75], [1, 18], [24, 28], [11, 40]]
最小値:90.34596993761141
入力値:[2, 32]
経過時間:61.88351273536682sec
num_evaluation of BBF = 15.0
 input_history 
[[11, 1], [18, 24], [28, 11], [12, 58], [22, 34], [39, 5], [24, 85], [24, 45], [7, 7], [6, 79], [22, 38], [19, 10], [24, 22], [36, 94], [19, 5]]
最小値:61.968000384672095
入力値:[24, 22]
経過時間:61.60387635231018sec
num_evaluation of BBF = 30.0
 input_history 
[[6, 79], [22, 38], [19, 10], [24, 22], [36, 94], [19, 5], [0, 85], [25, 45], [35, 2], [17, 28], [8, 37], [13, 47], [5, 59], [25, 65], [16, 26], [7, 59], [26, 53], [36, 22], [33, 67], [35, 20]]
最小値:61.968000384672095
入力値:[24, 22]
経過時間:81.96380853652954sec
num_evaluation of BBF = 50.0
 input_history 
[[5, 59], [25, 65], [16, 26], [7, 59], [26, 53], [36, 22], [33, 67], [35, 20], [36, 60], [4, 91], [6, 61], [19, 43], [3, 25], [16, 36], [29, 25], [9, 50], [2, 82], [9, 28], [39, 24], [10, 28], [27, 47], [12, 48], [3, 4], [23, 88], [13, 45], [27, 95], [31, 1], [16, 14], [25, 45], [30, 49], [31, 50], [8, 21], [2, 1], [37, 6], [31, 95], [5, 44], [38, 54], [17, 83], [32, 72], [18, 26], [19, 76], [17, 60], [8, 62], [16, 69], [32, 28], [28, 15], [32, 13], [38, 81], [10, 89], [31, 15]]
最小値:61.968000384672095
入力値:[24, 22]
経過時間:213.76936316490173sec
num_evaluation of BBF = 100.0
 input_history 
[[8, 21], [2, 1], [37, 6], [31, 95], [5, 44], [38, 54], [17, 83], [32, 72], [18, 26], [19, 76], [17, 60], [8, 62], [16, 69], [32, 28], [28, 15], [32, 13], [38, 81], [10, 89], [31, 15], [14, 93], [27, 20], [17, 39], [11, 56], [31, 73], [12, 40], [17, 6], [24, 22], [22, 59], [38, 93], [24, 64], [2, 14], [24, 39], [28, 84], [21, 47], [1, 33], [9, 60], [22, 85], [36, 70], [10, 4], [0, 47], [29, 95], [23, 0], [15, 92], [10, 17], [2, 77], [36, 17], [31, 86], [14, 1], [5, 14], [31, 18]]
最小値:61.968000384672095
入力値:[24, 22]
経過時間:207.11499190330505sec
num_evaluation of BBF = 150.0
 input_history 
[[1, 33], [9, 60], [22, 85], [36, 70], [10, 4], [0, 47], [29, 95], [23, 0], [15, 92], [10, 17], [2, 77], [36, 17], [31, 86], [14, 1], [5, 14], [31, 18], [26, 63], [26, 25], [10, 1], [39, 95], [0, 31], [2, 38], [20, 43], [32, 70], [36, 52], [38, 23], [38, 32], [6, 14], [20, 39], [36, 28], [22, 23], [6, 10], [1, 59], [36, 89], [20, 25], [39, 85], [4, 80], [7, 83], [26, 62], [24, 91], [0, 3], [30, 30], [33, 9], [3, 34], [35, 60], [20, 86], [35, 79], [4, 77], [35, 23], [23, 92]]
最小値:61.968000384672095
入力値:[24, 22]
経過時間:208.81724858283997sec
num_evaluation of BBF = 200.0
 input_history 
[[24, 12], [22, 71], [38, 28], [10, 80], [26, 25], [23, 32], [4, 77], [10, 10], [0, 86], [20, 5], [37, 41], [39, 67], [15, 68], [13, 45], [17, 0]]
最小値:79.15656143248891
入力値:[10, 10]
経過時間:61.48657011985779sec
num_evaluation of BBF = 15.0
 input_history 
[[37, 41], [39, 67], [15, 68], [13, 45], [17, 0], [31, 9], [27, 90], [1, 71], [10, 45], [30, 19], [1, 57], [11, 77], [17, 13], [15, 41], [21, 13]]
最小値:69.74617911343242
入力値:[31, 9]
経過時間:61.449835538864136sec
num_evaluation of BBF = 30.0
 input_history 
[[10, 45], [30, 19], [1, 57], [11, 77], [17, 13], [15, 41], [21, 13], [3, 61], [10, 57], [14, 92], [9, 78], [4, 50], [16, 52], [1, 11], [36, 3], [33, 12], [28, 85], [17, 83], [35, 32], [39, 81]]
最小値:69.74617911343242
入力値:[31, 9]
経過時間:82.14414191246033sec
num_evaluation of BBF = 50.0
 input_history 
[[12, 28], [21, 17], [19, 48], [35, 32], [39, 81], [10, 52], [21, 52], [3, 56], [38, 48], [8, 52], [35, 86], [22, 56], [12, 50], [12, 55], [33, 80], [4, 75], [31, 56], [26, 49], [28, 38], [8, 28], [1, 79], [34, 0], [26, 48], [27, 43], [3, 19], [19, 91], [14, 38], [10, 78], [29, 42], [34, 34], [14, 36], [7, 39], [37, 22], [9, 30], [19, 72], [28, 21], [18, 61], [2, 67], [19, 36], [36, 53], [39, 9], [19, 28], [4, 67], [35, 89], [28, 37], [29, 63], [7, 0], [20, 4], [14, 89], [17, 32]]
最小値:69.74617911343242
入力値:[31, 9]
経過時間:207.47079300880432sec
num_evaluation of BBF = 100.0
 input_history 
[[19, 36], [36, 53], [39, 9], [19, 28], [4, 67], [35, 89], [28, 37], [29, 63], [7, 0], [20, 4], [14, 89], [17, 32], [30, 71], [31, 95], [22, 14], [18, 90], [1, 93], [23, 57], [26, 49], [34, 48], [10, 77], [35, 27], [25, 31], [7, 80], [29, 51], [22, 59], [16, 26], [30, 76], [1, 6], [31, 0], [8, 71], [18, 34], [7, 36], [26, 34], [34, 71], [19, 73], [32, 76], [12, 24], [19, 83], [15, 39], [29, 16], [39, 40], [3, 72], [32, 7], [12, 17], [39, 72], [1, 4], [39, 11], [20, 7], [1, 76]]
最小値:69.74617911343242
入力値:[31, 9]
経過時間:208.2853968143463sec
num_evaluation of BBF = 150.0
 input_history 
[[7, 36], [26, 34], [34, 71], [19, 73], [32, 76], [12, 24], [19, 83], [15, 39], [29, 16], [39, 40], [3, 72], [32, 7], [12, 17], [39, 72], [1, 4], [39, 11], [20, 7], [1, 76], [0, 33], [29, 68], [0, 11], [19, 66], [2, 41], [0, 64], [23, 8], [0, 81], [0, 64], [24, 42], [12, 57], [10, 38], [31, 23], [15, 0], [4, 56], [24, 63], [26, 54], [30, 48], [18, 71], [36, 56], [22, 24], [15, 66], [32, 18], [29, 79], [11, 94], [0, 16], [21, 95], [30, 17], [17, 56], [15, 28], [29, 24], [35, 67]]
最小値:69.74617911343242
入力値:[31, 9]
経過時間:207.55383610725403sec
num_evaluation of BBF = 200.0
 input_history 
[[8, 12], [5, 0], [28, 27], [7, 75], [21, 47], [29, 17], [31, 23], [32, 62], [10, 15], [4, 39], [37, 19], [13, 60], [29, 79], [38, 15], [1, 31]]
最小値:80.14027055343684
入力値:[38, 15]
経過時間:61.57844567298889sec
num_evaluation of BBF = 15.0
 input_history 
[[29, 79], [38, 15], [1, 31], [32, 85], [26, 34], [11, 50], [1, 53], [6, 41], [34, 40], [22, 63], [15, 56], [28, 4], [7, 66], [32, 7], [24, 60]]
最小値:69.57288967168788
入力値:[28, 4]
経過時間:62.06212139129639sec
num_evaluation of BBF = 30.0
 input_history 
[[7, 66], [32, 7], [24, 60], [19, 49], [29, 76], [24, 76], [33, 2], [24, 42], [17, 51], [23, 93], [34, 87], [18, 90], [26, 16], [13, 90], [32, 70], [4, 28], [20, 35], [39, 28], [5, 54], [0, 73]]
最小値:69.57288967168788
入力値:[28, 4]
経過時間:81.94301652908325sec
num_evaluation of BBF = 50.0
 input_history 
[[16, 77], [26, 32], [6, 4], [28, 84], [35, 28], [5, 54], [0, 73], [20, 56], [38, 35], [14, 82], [39, 92], [26, 52], [18, 41], [35, 35], [3, 19], [15, 80], [32, 54], [33, 34], [33, 28], [36, 87], [8, 10], [11, 43], [13, 61], [34, 79], [21, 76], [3, 44], [27, 41], [20, 84], [27, 0], [4, 13], [39, 5], [3, 52], [11, 65], [10, 68], [37, 27], [20, 27], [8, 19], [31, 57], [31, 17], [35, 17], [6, 71], [25, 31], [39, 88], [35, 42], [4, 25], [10, 47], [34, 43], [34, 68], [2, 80], [13, 17]]
最小値:69.57288967168788
入力値:[28, 4]
経過時間:205.51804065704346sec
num_evaluation of BBF = 100.0
 input_history 
[[20, 27], [8, 19], [31, 57], [31, 17], [35, 17], [6, 71], [25, 31], [39, 88], [35, 42], [4, 25], [10, 47], [34, 43], [34, 68], [2, 80], [13, 17], [23, 60], [10, 54], [6, 55], [31, 89], [4, 85], [32, 46], [11, 9], [26, 62], [4, 96], [6, 2], [12, 68], [1, 8], [6, 5], [26, 82], [33, 43], [25, 53], [29, 45], [5, 34], [22, 32], [0, 78], [3, 77], [24, 93], [26, 39], [0, 22], [16, 59], [37, 36], [20, 26], [26, 55], [8, 87], [29, 17], [20, 67], [28, 94], [35, 49], [19, 11], [32, 75]]
最小値:69.57288967168788
入力値:[28, 4]
経過時間:208.63417053222656sec
num_evaluation of BBF = 150.0
 input_history 
[[29, 51], [26, 39], [0, 22], [16, 59], [37, 36], [20, 26], [26, 55], [8, 87], [29, 17], [20, 67], [28, 94], [35, 49], [19, 11], [32, 75], [11, 87], [8, 58], [39, 70], [19, 93], [11, 24], [17, 49], [37, 71], [39, 20], [33, 66], [17, 14], [6, 55], [27, 36], [30, 17], [27, 34], [30, 87], [7, 30], [37, 9], [7, 7], [13, 31], [17, 13], [25, 45], [20, 85], [23, 4], [30, 49], [26, 75], [36, 3], [15, 92], [27, 81], [4, 39], [27, 65], [31, 61], [10, 3], [24, 22], [31, 95], [23, 55], [15, 7]]
最小値:61.968000384672095
入力値:[24, 22]
経過時間:209.23801493644714sec
num_evaluation of BBF = 200.0
 input_history 
[[5, 65], [4, 31], [4, 41], [32, 16], [30, 58], [18, 32], [1, 31], [10, 34], [14, 93], [13, 0], [37, 28], [28, 59], [8, 37], [36, 17], [14, 37]]
最小値:77.09958386967074
入力値:[32, 16]
経過時間:61.217294454574585sec
num_evaluation of BBF = 15.0
 input_history 
[[28, 28], [8, 37], [36, 17], [14, 37], [31, 54], [39, 85], [15, 40], [16, 54], [8, 21], [18, 20], [18, 65], [24, 41], [1, 46], [6, 17], [12, 1]]
最小値:77.09958386967074
入力値:[32, 16]
経過時間:60.93145704269409sec
num_evaluation of BBF = 30.0
 input_history 
[[8, 21], [18, 20], [18, 65], [24, 41], [1, 46], [6, 17], [12, 1], [3, 24], [28, 23], [6, 65], [22, 62], [27, 80], [36, 83], [4, 2], [27, 19], [35, 22], [0, 27], [33, 38], [33, 57], [37, 86]]
最小値:76.97362909098169
入力値:[27, 19]
経過時間:82.50756692886353sec
num_evaluation of BBF = 50.0
 input_history 
[[27, 19], [35, 22], [0, 27], [33, 38], [33, 57], [37, 86], [15, 68], [3, 37], [17, 84], [30, 91], [10, 25], [25, 34], [15, 76], [37, 49], [5, 65], [27, 67], [37, 49], [28, 23], [35, 55], [16, 70], [11, 80], [5, 86], [13, 81], [0, 35], [34, 50], [26, 87], [38, 23], [25, 80], [18, 66], [39, 22], [30, 38], [18, 86], [37, 16], [1, 42], [2, 53], [11, 74], [31, 54], [13, 65], [34, 20], [17, 60], [24, 27], [18, 6], [24, 60], [34, 73], [21, 91], [34, 38], [39, 75], [21, 83], [6, 16], [1, 49]]
最小値:76.97362909098169
入力値:[27, 19]
経過時間:208.5283076763153sec
num_evaluation of BBF = 100.0
 input_history 
[[30, 38], [18, 86], [37, 16], [1, 42], [2, 53], [11, 74], [31, 54], [13, 65], [34, 20], [17, 60], [24, 27], [18, 6], [24, 60], [34, 73], [21, 91], [34, 38], [39, 75], [21, 83], [6, 16], [1, 49], [1, 54], [5, 94], [11, 45], [28, 56], [26, 48], [17, 42], [4, 27], [13, 72], [33, 23], [13, 28], [35, 58], [13, 68], [14, 95], [9, 3], [9, 19], [37, 60], [15, 16], [34, 36], [9, 39], [23, 17], [36, 40], [26, 31], [25, 34], [29, 13], [27, 24], [33, 15], [27, 16], [31, 25], [14, 44], [5, 67]]
最小値:71.09778412341625
入力値:[23, 17]
経過時間:205.54251098632812sec
num_evaluation of BBF = 150.0
 input_history 
[[3, 73], [19, 37], [15, 16], [34, 36], [9, 39], [23, 17], [36, 40], [26, 31], [25, 34], [29, 13], [27, 24], [33, 15], [27, 16], [31, 25], [14, 44], [5, 67], [10, 77], [11, 21], [4, 62], [13, 80], [27, 13], [1, 96], [4, 21], [29, 26], [33, 50], [17, 91], [6, 16], [39, 58], [16, 63], [26, 40], [2, 18], [1, 75], [11, 11], [15, 33], [11, 35], [11, 16], [19, 2], [15, 20], [25, 5], [7, 46], [15, 41], [12, 90], [11, 60], [10, 87], [28, 3], [15, 21], [25, 55], [38, 18], [2, 56], [32, 67]]
最小値:71.09778412341625
入力値:[23, 17]
経過時間:205.8341782093048sec
num_evaluation of BBF = 200.0
 input_history 
[[15, 6], [22, 57], [22, 31], [4, 39], [20, 44], [7, 1], [17, 41], [10, 3], [6, 91], [38, 91], [30, 17], [37, 49], [32, 61], [5, 38], [2, 44]]
最小値:56.36729847785949
入力値:[15, 6]
経過時間:62.19913363456726sec
num_evaluation of BBF = 15.0
 input_history 
[[30, 17], [37, 49], [32, 61], [5, 38], [2, 44], [13, 56], [27, 83], [8, 51], [27, 87], [26, 91], [15, 74], [2, 49], [24, 49], [8, 64], [12, 20]]
最小値:56.36729847785949
入力値:[15, 6]
経過時間:63.03660488128662sec
num_evaluation of BBF = 30.0
 input_history 
[[26, 91], [15, 74], [2, 49], [24, 49], [8, 64], [12, 20], [15, 90], [36, 36], [29, 27], [35, 51], [19, 13], [7, 21], [12, 17], [25, 84], [25, 3], [10, 61], [35, 59], [33, 47], [13, 6], [1, 46]]
最小値:56.36729847785949
入力値:[15, 6]
経過時間:83.26974868774414sec
num_evaluation of BBF = 50.0
 input_history 
[[35, 59], [33, 47], [13, 6], [1, 46], [35, 62], [14, 24], [3, 10], [18, 56], [1, 96], [4, 40], [2, 52], [36, 47], [3, 66], [14, 23], [21, 39], [35, 89], [14, 24], [21, 56], [6, 58], [2, 34], [24, 66], [38, 79], [20, 25], [5, 66], [29, 32], [18, 76], [10, 92], [1, 1], [32, 21], [6, 22], [21, 55], [26, 18], [6, 72], [38, 43], [32, 47], [15, 18], [28, 7], [26, 32], [39, 65], [24, 1], [14, 67], [39, 83], [9, 66], [26, 46], [21, 2], [23, 85], [18, 56], [8, 50], [25, 93], [22, 77]]
最小値:56.36729847785949
入力値:[15, 6]
経過時間:207.53260207176208sec
num_evaluation of BBF = 100.0
 input_history 
[[15, 18], [28, 7], [26, 32], [39, 65], [24, 1], [14, 67], [39, 83], [9, 66], [26, 46], [21, 2], [23, 85], [18, 56], [8, 50], [25, 93], [22, 77], [3, 76], [11, 76], [24, 79], [16, 60], [25, 4], [34, 87], [24, 51], [10, 77], [31, 26], [34, 50], [19, 63], [36, 68], [29, 96], [5, 27], [6, 9], [26, 15], [35, 34], [12, 77], [21, 31], [8, 43], [20, 10], [26, 38], [27, 81], [0, 0], [29, 19], [4, 0], [16, 88], [3, 49], [6, 23], [1, 54], [9, 74], [30, 27], [14, 39], [20, 96], [38, 37]]
最小値:56.36729847785949
入力値:[15, 6]
経過時間:207.68211960792542sec
num_evaluation of BBF = 150.0
 input_history 
[[12, 77], [21, 31], [8, 43], [20, 10], [26, 38], [27, 81], [0, 0], [29, 19], [4, 0], [16, 88], [3, 49], [6, 23], [1, 54], [9, 74], [30, 27], [14, 39], [20, 96], [38, 37], [7, 38], [29, 69], [27, 72], [34, 28], [36, 25], [33, 73], [15, 90], [28, 21], [5, 37], [7, 69], [9, 72], [1, 89], [0, 9], [26, 6], [18, 43], [39, 6], [35, 84], [22, 46], [20, 10], [31, 92], [3, 7], [12, 65], [10, 84], [1, 29], [14, 24], [7, 85], [39, 90], [2, 11], [19, 93], [33, 37], [32, 34], [37, 17]]
最小値:56.36729847785949
入力値:[15, 6]
経過時間:207.21132946014404sec
num_evaluation of BBF = 200.0
 input_history 
[[19, 69], [2, 8], [24, 17], [5, 85], [10, 75], [36, 68], [1, 67], [9, 5], [14, 70], [21, 13], [8, 18], [0, 93], [9, 77], [10, 58], [13, 15]]
最小値:76.32314679203812
入力値:[9, 5]
経過時間:61.591432332992554sec
num_evaluation of BBF = 15.0
 input_history 
[[5, 14], [6, 85], [13, 8], [18, 64], [29, 9], [13, 10], [13, 15], [3, 50], [28, 3], [31, 21], [11, 55], [34, 25], [29, 22], [25, 67], [35, 63]]
最小値:56.53203439950531
入力値:[13, 8]
経過時間:61.245338439941406sec
num_evaluation of BBF = 30.0
 input_history 
[[22, 89], [3, 52], [35, 63], [21, 26], [35, 38], [11, 9], [32, 52], [27, 46], [28, 34], [13, 69], [14, 83], [13, 79], [7, 59], [27, 78], [11, 51], [35, 16], [20, 19], [37, 70], [14, 1], [10, 35]]
最小値:56.53203439950531
入力値:[13, 8]
経過時間:85.15553641319275sec
num_evaluation of BBF = 50.0
 input_history 
[[16, 53], [20, 19], [37, 70], [14, 1], [10, 35], [18, 20], [4, 80], [14, 72], [34, 36], [5, 92], [22, 28], [39, 86], [29, 10], [12, 23], [23, 79], [38, 19], [38, 93], [23, 80], [2, 32], [5, 54], [2, 16], [9, 53], [9, 77], [2, 27], [37, 20], [36, 75], [31, 67], [27, 96], [23, 19], [14, 59], [16, 22], [21, 87], [9, 70], [34, 66], [2, 60], [38, 10], [15, 15], [8, 1], [34, 45], [26, 65], [11, 62], [8, 83], [3, 22], [35, 85], [30, 75], [13, 2], [34, 46], [20, 79], [13, 51], [18, 71]]
最小値:56.53203439950531
入力値:[13, 8]
経過時間:206.9317889213562sec
num_evaluation of BBF = 100.0
 input_history 
[[8, 1], [34, 45], [26, 65], [11, 62], [8, 83], [3, 22], [35, 85], [30, 75], [13, 2], [34, 46], [20, 79], [13, 51], [18, 71], [24, 28], [17, 54], [9, 32], [31, 4], [19, 66], [4, 60], [18, 72], [14, 12], [25, 86], [15, 78], [11, 46], [6, 36], [3, 84], [13, 37], [16, 56], [18, 67], [36, 58], [0, 64], [21, 38], [26, 86], [33, 20], [24, 7], [37, 94], [31, 54], [10, 64], [35, 5], [8, 52], [36, 48], [3, 44], [23, 42], [2, 21], [1, 49], [1, 85], [7, 71], [11, 5], [18, 5], [29, 69]]
最小値:56.53203439950531
入力値:[13, 8]
経過時間:206.0694887638092sec
num_evaluation of BBF = 150.0
 input_history 
[[33, 20], [24, 7], [37, 94], [31, 54], [10, 64], [35, 5], [8, 52], [36, 48], [3, 44], [23, 42], [2, 21], [1, 49], [1, 85], [7, 71], [11, 5], [18, 5], [29, 69], [21, 72], [14, 76], [4, 73], [18, 4], [33, 76], [8, 76], [36, 86], [25, 3], [31, 57], [6, 81], [34, 39], [24, 22], [4, 54], [33, 72], [2, 66], [27, 57], [14, 50], [31, 84], [2, 64], [14, 76], [30, 42], [12, 7], [37, 36], [17, 45], [17, 67], [21, 56], [4, 76], [1, 63], [28, 84], [35, 17], [11, 2], [36, 90], [34, 73]]
最小値:56.53203439950531
入力値:[13, 8]
経過時間:209.99382281303406sec
num_evaluation of BBF = 200.0
 input_history 
[[29, 40], [19, 52], [10, 31], [2, 56], [22, 34], [5, 10], [22, 50], [39, 15], [39, 80], [39, 71], [9, 75], [9, 4], [21, 92], [17, 66], [35, 57]]
最小値:79.90425455635179
入力値:[9, 4]
経過時間:62.4124481678009sec
num_evaluation of BBF = 15.0
 input_history 
[[37, 92], [17, 66], [35, 57], [37, 69], [32, 49], [4, 54], [28, 81], [12, 83], [20, 17], [19, 69], [25, 51], [27, 55], [9, 11], [29, 62], [0, 35]]
最小値:79.90425455635179
入力値:[9, 4]
経過時間:62.79606103897095sec
num_evaluation of BBF = 30.0
 input_history 
[[27, 55], [9, 11], [29, 62], [0, 35], [31, 32], [10, 87], [26, 21], [3, 85], [11, 41], [24, 48], [7, 65], [9, 26], [34, 55], [33, 67], [10, 70], [12, 29], [26, 70], [19, 9], [21, 87], [28, 25]]
最小値:73.92829914578573
入力値:[28, 25]
経過時間:82.31010270118713sec
num_evaluation of BBF = 50.0
 input_history 
[[26, 34], [38, 55], [33, 67], [10, 70], [12, 29], [26, 70], [19, 9], [21, 87], [28, 25], [5, 4], [33, 44], [3, 73], [13, 25], [20, 45], [12, 73], [35, 29], [28, 42], [9, 79], [38, 51], [1, 80], [6, 63], [5, 43], [39, 81], [35, 54], [21, 56], [29, 94], [19, 68], [5, 22], [37, 53], [18, 85], [29, 38], [3, 84], [35, 0], [24, 25], [14, 85], [6, 23], [3, 29], [25, 27], [4, 36], [19, 24], [17, 70], [39, 59], [3, 4], [2, 55], [29, 14], [23, 58], [12, 68], [7, 82], [4, 50], [27, 89]]
最小値:64.74785710917337
入力値:[29, 14]
経過時間:206.6771125793457sec
num_evaluation of BBF = 100.0
 input_history 
[[38, 3], [20, 0], [24, 25], [14, 85], [6, 23], [3, 29], [25, 27], [4, 36], [19, 24], [17, 70], [39, 59], [3, 4], [2, 55], [29, 14], [23, 58], [12, 68], [7, 82], [4, 50], [27, 89], [8, 45], [35, 90], [30, 52], [26, 33], [26, 3], [2, 71], [23, 14], [28, 75], [27, 35], [34, 30], [32, 34], [39, 82], [16, 31], [26, 41], [13, 45], [11, 4], [10, 66], [33, 34], [35, 47], [29, 82], [11, 44], [27, 85], [32, 18], [10, 3], [14, 9], [17, 87], [14, 45], [11, 56], [16, 40], [4, 55], [24, 34]]
最小値:55.82916165858092
入力値:[14, 9]
経過時間:207.96130752563477sec
num_evaluation of BBF = 150.0
 input_history 
[[4, 47], [10, 66], [33, 34], [35, 47], [29, 82], [11, 44], [27, 85], [32, 18], [10, 3], [14, 9], [17, 87], [14, 45], [11, 56], [16, 40], [4, 55], [24, 34], [14, 0], [20, 22], [7, 47], [39, 89], [21, 40], [34, 21], [20, 52], [33, 79], [9, 50], [33, 92], [25, 34], [25, 20], [31, 32], [21, 16], [22, 92], [38, 13], [33, 58], [33, 55], [19, 37], [29, 14], [9, 3], [37, 84], [0, 81], [6, 78], [39, 66], [33, 56], [15, 24], [9, 74], [26, 57], [38, 46], [1, 86], [26, 49], [32, 68], [9, 32]]
最小値:55.82916165858092
入力値:[14, 9]
経過時間:209.35985898971558sec
num_evaluation of BBF = 200.0