
BO_ratio_matrix = 
[[73.01278846 79.46168218 76.31791668 84.27433344 58.18928392 94.23888683
  83.63469674 93.21822165 83.75278789 86.40904454 76.31791668 94.88409727
  66.49451119 79.83697976 82.73068042 84.80706441 57.63375266 81.49437226
  86.27655182 76.31791668]
 [67.64474643 79.46168218 76.31791668 82.50786369 58.18928392 81.1908487
  73.39106898 92.25111091 80.48193265 76.63390128 51.81729688 79.13928271
  66.49451119 59.87011409 72.34525127 65.82663489 57.63375266 77.02179369
  82.39234219 76.31791668]
 [67.64474643 59.15771921 73.1424245  82.50786369 58.18928392 72.36363005
  73.39106898 66.49451119 71.11922308 73.08279293 51.81729688 66.49451119
  66.49451119 59.87011409 72.34525127 65.82663489 57.63375266 77.02179369
  73.39106898 63.97101982]
 [67.64474643 58.35934467 71.11922308 68.25515894 58.18928392 59.15771921
  65.82663489 58.35934467 59.15771921 58.35934467 51.81729688 66.49451119
  45.6507782  59.87011409 65.82663489 58.35934467 57.63375266 51.81729688
  58.35934467 63.97101982]
 [67.32169568 58.35934467 71.11922308 68.25515894 45.6507782  59.15771921
  65.82663489 58.35934467 58.35934467 58.35934467 51.81729688 58.35934467
  45.6507782  58.35934467 65.82663489 58.35934467 57.63375266 51.81729688
  58.35934467 63.97101982]
 [51.2347292  58.35934467 71.11922308 68.25515894 45.6507782  48.85493614
  58.35934467 58.35934467 58.35934467 58.35934467 51.81729688 58.35934467
  45.6507782  58.35934467 65.82663489 58.35934467 57.63375266 51.81729688
  58.35934467 63.97101982]]
RS_ratio_matrix = 
[[84.69585007 62.88493915 87.44444836 90.44985709 73.99108718 75.76257767
  58.93658444 87.44444836 62.88493915 84.41355326 80.63544909 79.83697976
  88.40447803 93.26626319 81.71517443 82.73068042 79.59170826 58.18928392
  78.79017405 82.48703557]
 [84.69585007 62.88493915 73.33680969 86.45535725 73.99108718 74.86175354
  58.93658444 72.72120328 62.88493915 84.41355326 80.63544909 58.70448522
  88.40447803 63.97101982 72.0006161  71.82172535 79.59170826 58.18928392
  58.35934467 82.48703557]
 [84.41355326 61.92568472 73.33680969 79.59170826 71.3928184  74.86175354
  58.93658444 72.72120328 62.88493915 79.32376002 58.18928392 58.70448522
  88.40447803 63.97101982 72.0006161  71.82172535 79.46168218 58.18928392
  58.35934467 76.31791668]
 [73.16853107 58.99576465 72.32888932 77.91650958 71.3928184  72.07233351
  58.93658444 72.72120328 62.88493915 69.31321842 58.18928392 58.70448522
  77.16358282 63.97101982 72.0006161  71.82172535 79.46168218 58.18928392
  58.35934467 66.8407311 ]
 [73.16853107 58.99576465 72.32888932 68.25515894 71.3928184  72.07233351
  58.93658444 72.72120328 62.88493915 69.31321842 58.18928392 58.70448522
  77.16358282 63.97101982 72.0006161  71.82172535 73.39590965 58.18928392
  58.35934467 57.63375266]
 [73.16853107 58.99576465 72.32888932 68.25515894 71.36605717 62.45434533
  58.93658444 72.32888932 62.88493915 69.31321842 58.18928392 58.70448522
  75.70035661 63.97101982 72.0006161  63.97101982 73.39590965 58.18928392
  58.35934467 57.63375266]]
Mean Accumulated PREC(%) 20 times; BBF=[ 15.  30.  50. 100. 150. 200.]
BO_vec=array([79.96517427, 72.84646258, 67.59796093, 60.21143068, 59.04613734,
       57.35328535])
RS_vec=array([78.72777557, 72.46736115, 70.24043253, 67.72162735, 66.47492227,
       65.50737251])
Median Accumulated PREC(%) 20 times; BBF=[ 15.  30.  50. 100. 150. 200.]
BO_vec=array([82.11252634, 76.31791668, 67.06962881, 58.75853194, 58.35934467,
       58.35934467])
RS_vec=array([81.17531176, 73.02900648, 71.91117073, 70.35301841, 68.78418868,
       63.97101982])
Min Accumulated PREC(%) 20 times; BBF=[ 15.  30.  50. 100. 150. 200.]
BO_vec=array([57.63375266, 51.81729688, 51.81729688, 45.6507782 , 45.6507782 ,
       45.6507782 ])
RS_vec=array([58.18928392, 58.18928392, 58.18928392, 58.18928392, 57.63375266,
       57.63375266])
Max Accumulated PREC(%) 20 times; BBF=[ 15.  30.  50. 100. 150. 200.]
BO_vec=array([94.88409727, 92.25111091, 82.50786369, 71.11922308, 71.11922308,
       71.11922308])
RS_vec=array([93.26626319, 88.40447803, 88.40447803, 79.46168218, 77.16358282,
       75.70035661])